# q_distance branch_1_THz branch_2_THz branch_3_THz branch_4_THz branch_5_THz branch_6_THz branch_7_THz branch_8_THz branch_9_THz branch_10_THz branch_11_THz branch_12_THz
0.000000000000000000e+00 -8.767454146852073516e-04 -2.061714093801873576e-04 -2.061714017534212228e-04 6.821438356882071341e-01 6.821438356882157938e-01 2.827047469826917681e+00 4.928788479192926175e+00 4.970547706763821516e+00 6.401825199459172389e+00 6.401825199459175941e+00 6.703588211882656189e+00 6.703588211882657966e+00
1.330119686821259637e-03 5.592499263634284016e-04 2.543766505044319989e-02 4.470912413374607958e-02 6.826130294374219698e-01 6.839674563372115657e-01 2.826904385755179216e+00 4.928630397029596821e+00 4.970471868696873408e+00 6.401740298616665825e+00 6.401755396640931295e+00 6.703484405181102446e+00 6.703507638760009435e+00
2.660239373642519275e-03 3.615503922576060198e-03 5.087246900073887079e-02 8.940289008111071412e-02 6.840183636183574389e-01 6.894010198290543290e-01 2.826475511482721359e+00 4.928156450658803145e+00 4.970244530777999437e+00 6.401485655940632569e+00 6.401545915045733892e+00 6.703172915788615072e+00 6.703265978214239418e+00
3.990359060463778695e-03 8.038925058005763971e-03 7.629876357000525688e-02 1.340643016266067078e-01 6.863531429092035729e-01 6.983365430968114795e-01 2.825761983416865686e+00 4.927367540644961075e+00 4.969866221431159303e+00 6.401061450989661950e+00 6.401196535618289829e+00 6.702653536122454625e+00 6.702863406710788396e+00
5.320478747285038550e-03 1.399353109009841833e-02 1.017126365323661047e-01 1.786772452105495346e-01 6.896063591248915436e-01 7.106061241860021083e-01 2.824765704192045757e+00 4.926265168620867385e+00 4.969337819959712022e+00 6.400467983041653319e+00 6.400706894484712528e+00 6.701925921145337028e+00 6.702300218355031092e+00
6.650598434106298404e-03 2.135393101685476025e-02 1.271100017755314726e-01 2.232253494902347313e-01 6.937629095883096619e-01 7.259970659481856936e-01 2.823489355691995328e+00 4.924851438334825637e+00 4.968660554452558387e+00 6.399705671114006122e+00 6.400076484772475816e+00 6.700989589760294685e+00 6.701576824886468664e+00
7.980718120927557391e-03 2.995961009547709608e-02 1.524867362992520792e-01 2.676920079575836886e-01 6.988038882177126654e-01 7.442683256039145379e-01 2.821936417458782653e+00 4.923129057134451259e+00 4.967835998874664760e+00 6.398775053991346162e+00 6.399304659143477458e+00 6.699843926751379186e+00 6.700693755670129370e+00
9.310837807748818112e-03 3.964345171635930837e-02 1.778386978592625955e-01 3.120603315898431429e-01 7.047069361885192063e-01 7.651657075712182676e-01 2.820111190668069145e+00 4.921101337904516981e+00 4.966866069363550018e+00 6.397676790260357294e+00 6.398390633025712759e+00 6.698488185258300476e+00 6.699651657684589701e+00
1.064095749457007710e-02 5.024456595904556316e-02 2.031617277011128764e-01 3.563130904005450961e-01 7.114466371845313830e-01 7.884342141553748462e-01 2.818018827902119217e+00 4.918772201480609674e+00 4.965753019759064912e+00 6.396411658351081719e+00 6.397333488525115186e+00 6.696921489770017999e+00 6.698451295506050229e+00
1.197107718139133609e-02 6.161558196409310656e-02 2.284516499882703056e-01 4.004326499175306919e-01 7.189949415022021117e-01 8.138270013020261207e-01 2.815665369005720287e+00 4.916146179564219842e+00 4.964499436399146148e+00 6.394980556583846898e+00 6.396132178995700635e+00 6.695142839619271591e+00 6.697093551287587765e+00
1.330119686821259681e-02 7.362637451641165787e-02 2.537042702477063094e-01 4.444009033065833836e-01 7.273216035569007865e-01 8.411111361117409313e-01 2.813057783363605679e+00 4.913228418168237077e+00 4.963108232219267890e+00 6.393384503220997495e+00 6.394785534242831027e+00 6.693151112957410831e+00 6.695579424732668983e+00
1.463131655503385579e-02 8.616527578283546263e-02 2.789153734673694984e-01 4.881991988689350359e-01 7.363946185061541749e-01 8.700707425512785864e-01 2.810204018991718122e+00 4.910024681624451048e+00 4.961582640197857330e+00 6.391624636522231562e+00 6.393292266331595641e+00 6.690945071186442661e+00 6.693910033061791331e+00
1.596143624185511478e-02 9.913862091762512541e-02 3.040807220585775572e-01 5.318082623699847966e-01 7.461806455390145310e-01 9.005082263185653080e-01 2.807113058887010126e+00 4.906541357186488206e+00 4.959926206193967069e+00 6.389702214802366775e+00 6.391650975969779935e+00 6.688523363822994838e+00 6.692086610970948257e+00
1.729155592867637550e-02 1.124693084812128513e-01 3.291960537668536246e-01 5.752081135524308442e-01 7.566454076394264483e-01 9.322442074419826641e-01 2.803794985130317663e+00 4.902785460262438555e+00 4.958142781227036444e+00 6.387618616490110313e+00 6.389860159432790176e+00 6.685884533767152860e+00 6.690110510580567826e+00
1.862167561549763622e-02 1.260948774243501602e-01 3.542570795679372275e-01 6.183779761324991187e-01 7.677540600792590597e-01 9.651166586067703168e-01 2.800261051281614399e+00 4.898764640311348728e+00 4.956236513251562670e+00 6.385375340186233650e+00 6.387918215996343463e+00 6.683027022947534590e+00 6.687983201373193687e+00
1.995179530231889348e-02 1.399654384383994532e-01 3.792594815675751074e-01 6.612961805470761734e-01 7.794715223279778948e-01 9.989796089944196211e-01 2.796523763643365523e+00 4.894487187436119768e+00 4.954211838481697328e+00 6.382974004719427441e+00 6.385823455841385332e+00 6.679949178312842406e+00 6.685706270118233263e+00
2.128191498914015420e-02 1.540416665200305679e-01 4.041989109154722204e-01 7.039400587052110358e-01 7.917627703201619571e-01 1.033701655757964133e+00 2.792596971991109900e+00 4.889962039702639096e+00 4.952073472322616077e+00 6.380416349197809645e+00 6.383574108395097646e+00 6.676649258139287113e+00 6.683281420781757909e+00
2.261203467596141492e-02 1.682929670184835080e-01 4.290709857407500882e-01 7.462858300044471482e-01 8.045930879903671062e-01 1.069164436069488966e+00 2.788495970374203381e+00 4.885198791210471292e+00 4.949826399966521961e+00 6.377704233054092064e+00 6.381168331071489064e+00 6.673125438622759198e+00 6.680710474419202072e+00
2.394215436278267217e-02 1.826958644546125554e-01 4.538712891135752159e-01 7.883084779072974113e-01 8.179282786052991527e-01 1.105261149979497093e+00 2.784237608565249378e+00 4.880207700934066750e+00 4.947475866711504189e+00 6.374839636081903294e+00 6.378604218375197199e+00 6.669375820724570580e+00 6.677995369048707275e+00
2.527227404960393289e-02 1.972326245592601612e-01 4.785953670375640567e-01 8.299816164474642655e-01 8.317348376793242126e-01 1.141895182631327277e+00 2.779840414672219318e+00 4.874999702345251151e+00 4.945027368061260198e+00 6.371824658460843338e+00 6.375879811332777258e+00 6.665398437239618445e+00 6.675138159502449930e+00
2.660239373642519362e-02 2.118900980388449540e-01 5.032387264768062307e-01 8.459800901621037372e-01 8.712773461651394102e-01 1.178978847902302451e+00 2.775324729307532490e+00 4.869586413816917592e+00 4.942486639662774905e+00 6.368661520767427753e+00 6.372993107216688990e+00 6.661191260056489760e+00 6.672141017253361284e+00
2.793251342324645087e-02 2.266587637147401135e-01 5.277968334212231882e-01 8.606322951733686999e-01 9.121660991744019453e-01 1.216432259484612421e+00 2.770712851513017938e+00 4.863980149794802088e+00 4.939859647137450516e+00 6.365352563968937005e+00 6.369942069528650386e+00 6.656752207579700986e+00 6.669006230214195696e+00
2.926263311006771159e-02 2.415319446461480501e-01 5.522651109944088921e-01 8.756607218768779344e-01 9.526164733708811783e-01 1.254182326190149910e+00 2.766029196343474439e+00 4.858193932707732365e+00 4.937152575858960724e+00 6.361900249396994056e+00 6.366724638210715881e+00 6.652079152285396368e+00 6.665736202505837760e+00
3.059275279688897231e-02 2.565051707392482228e-01 5.766389376074479989e-01 8.910357001840818469e-01 9.925950562246760311e-01 1.292161863365411945e+00 2.761300463582040621e+00 4.852241505567486790e+00 4.934371820728323144e+00 6.358307158697253492e+00 6.363338740054571119e+00 6.647169928383172888e+00 6.662333454191478488e+00
3.192287248371022956e-02 2.715756633013764465e-01 6.009136451633591003e-01 9.067286499128872634e-01 1.032066239214303627e+00 1.330308810067676761e+00 2.756555816458142960e+00 4.846137345185966616e+00 4.931523975993131970e+00 6.354575993751605978e+00 6.359782299281932616e+00 6.642022339558261379e+00 6.658800620973014617e+00
3.325299217053148682e-02 2.867419198674060477e-01 6.250845173159325086e-01 9.227120918412965445e-01 1.070992024787722707e+00 1.368565541001253383e+00 2.751827068415287680e+00 4.839896675910136281e+00 4.928615825153838337e+00 6.350709576568747572e+00 6.356053248271619438e+00 6.636634166770082111e+00 6.655140453845858062e+00
3.458311185735274407e-02 3.020033807395865466e-01 6.491467877879888437e-01 9.389596438327478811e-01 1.109331828843744594e+00 1.406878262462202489e+00 2.747148874876018887e+00 4.833535483743226280e+00 4.925654330995283381e+00 6.346710849138917254e+00 6.352149538411743457e+00 6.631003176085205730e+00 6.651355818708115208e+00
3.591323154417400132e-02 3.173601616793256253e-01 6.730956387534972052e-01 9.554460049015716105e-01 1.147042283173156596e+00 1.445196482269079707e+00 2.742558925512540213e+00 4.827070530683708505e+00 4.922646625776422091e+00 6.342582873248121089e+00 6.348069151058648885e+00 6.625127126524832377e+00 6.647449695919686263e+00
3.724335123099525857e-02 3.328128398915979336e-01 6.969261992889186352e-01 9.721469297590651371e-01 1.184077044147902713e+00 1.483472544612649102e+00 2.738098130689184284e+00 4.820519369070974669e+00 4.919600001605282991e+00 6.338328830247019319e+00 6.343810108587494057e+00 6.619003777909242103e+00 6.643425179806841108e+00
3.857347091781650888e-02 3.483622827885360929e-01 7.206335438988347164e-01 9.890391960519481218e-01 1.220386616258976931e+00 1.521661221788345841e+00 2.733810793437685849e+00 4.813900355678207177e+00 4.916521901019795138e+00 6.333952020769233471e+00 6.339370485522855425e+00 6.612630898684084713e+00 6.639285478107376903e+00
3.990359060463777308e-02 3.640095109991625666e-01 7.442126911218543972e-01 1.006100566190004653e+00 1.255918201921572885e+00 1.559719355798437235e+00 2.729744755515453480e+00 4.807232665237905600e+00 4.913419907788043162e+00 6.329455864393541020e+00 6.334748419741334402e+00 6.606006273715840926e+00 6.635033911351205127e+00
4.123371029145903033e-02 3.797555887380809625e-01 7.676586022224575201e-01 1.023309745365692303e+00 1.290615592294232172e+00 1.597605543780391324e+00 2.725951502775719515e+00 4.800536303023852369e+00 4.910301737933976618e+00 6.324843899244082301e+00 6.329942123741771454e+00 6.599127712046405136e+00 6.630673912171110018e+00
4.256382997828028758e-02 3.956015359931947528e-01 7.909661799753254785e-01 1.040646337101695851e+00 1.324419117638346854e+00 1.635279862114011884e+00 2.722486211306473169e+00 4.793832116044462133e+00 4.907175230986275949e+00 6.320119781522433478e+00 6.324949895982554082e+00 6.591993054599488921e+00 6.626209024537974557e+00
4.389394966510154483e-02 4.115482580880141517e-01 8.141302675487005480e-01 1.058090797424755314e+00 1.357265679810875092e+00 1.672703624874876782e+00 2.719407711735855049e+00 4.787141802326738471e+00 4.904048341439340319e+00 6.315287284964921533e+00 6.319770132289290743e+00 6.584600181834124655e+00 6.621642902914600448e+00
4.522406935192280208e-02 4.275964890568850207e-01 8.371456474936649350e-01 1.075624388555618927e+00 1.389088893524073054e+00 1.709839173036453941e+00 2.716778345068681766e+00 4.780487917687199939e+00 4.900929130405891954e+00 6.310350300218297903e+00 6.314401337339977438e+00 6.576947021343503508e+00 6.616979311321958157e+00
4.655418903874405934e-02 4.437467459813993487e-01 8.600070408468338812e-01 1.093229132825316308e+00 1.419819366507091285e+00 1.746649691482659916e+00 2.714663679925682693e+00 4.773893879297003373e+00 4.897825757430529059e+00 6.305312834126559629e+00 6.308842136238872911e+00 6.569031555400122180e+00 6.612222122311451677e+00
4.788430872556530965e-02 4.599992920030598897e-01 8.827091063540735139e-01 1.110887767374525437e+00 1.449385150909635822e+00 1.783099051482909259e+00 2.713132058860316498e+00 4.767383965253889855e+00 4.894746472422850658e+00 6.300179008921195312e+00 6.303091286194113962e+00 6.560851828451156997e+00 6.607375315836463869e+00
4.921442841238657384e-02 4.763541061806497723e-01 9.052464398231753195e-01 1.128583700063657602e+00 1.477712398183610665e+00 1.819151676809156015e+00 2.712253941540763602e+00 4.760983309274842590e+00 4.891699607657171711e+00 6.294953061306949316e+00 6.297147688318290193e+00 6.552405954570930113e+00 6.602442978016287434e+00
5.054454809920783109e-02 4.928108587218880121e-01 9.276135736140542765e-01 1.146300966913859742e+00 1.504726246040293258e+00 1.854772432144950578e+00 2.712101016232561612e+00 4.754717889522850349e+00 4.888693569773720604e+00 6.289639341434739350e+00 6.291010399575125867e+00 6.543692124880421623e+00 6.597429299785237511e+00
5.187466778602908835e-02 5.093688904059717748e-01 9.498049762750793157e-01 1.164024191310234491e+00 1.530351957608051761e+00 1.889926532854530716e+00 2.712745059499171330e+00 4.748614510481621309e+00 4.885736831703033189e+00 6.284242311752961996e+00 6.284678644899637234e+00 6.534708614946793226e+00 6.592338575419455005e+00
5.320478747285034560e-02 5.260271952425459308e-01 9.718150523346237302e-01 1.181738545126654660e+00 1.554516318503162964e+00 1.924579475548631846e+00 2.714256538460303680e+00 4.742700776697488685e+00 4.882837924421593812e+00 6.278151829523283212e+00 6.278766545728251103e+00 6.525453792179281010e+00 6.587175200933861774e+00
5.453490715967160285e-02 5.427844055945513224e-01 9.936381422573499211e-01 1.199429711872920246e+00 1.577149276660088306e+00 1.958696989203325245e+00 2.716702970824320218e+00 4.737005057122913421e+00 4.880005428431968717e+00 6.271429551539731584e+00 6.273216726426137591e+00 6.515926123241104762e+00 6.581943672341284746e+00
5.586502684649285316e-02 5.596387791366553843e-01 1.015268522574820809e+00 1.217083851918952409e+00 1.598185783018625461e+00 1.992245006859535872e+00 2.720147084670587745e+00 4.731556438727051450e+00 4.877247964845327743e+00 6.264511614751407720e+00 6.267597644942053847e+00 6.506124181500571702e+00 6.576648583765770439e+00
5.719514653331411735e-02 5.765881871365471367e-01 1.036700406200561142e+00 1.234687569814104213e+00 1.617567760646701380e+00 2.025189658149444849e+00 2.724644850487376591e+00 4.726384667992903132e+00 4.874574185927786907e+00 6.257398041841167213e+00 6.261914198672550391e+00 6.496046654548535138e+00 6.571294625401875145e+00
5.852526622013537461e-02 5.936301036373776707e-01 1.057927942939859367e+00 1.252227883691480637e+00 1.635246099468107062e+00 2.057497283059194437e+00 2.730243488391391971e+00 4.721520078906294771e+00 4.871992764955042077e+00 6.250089087918013320e+00 6.256171389416435247e+00 6.485692351813169942e+00 6.565886581311544568e+00
5.985538590695663186e-02 6.107615951928455633e-01 1.078945220204851951e+00 1.269692196725968891e+00 1.651182548861078736e+00 2.089134467437611775e+00 2.736979578369782118e+00 4.716993506068375197e+00 4.869512385201730353e+00 6.242585254490459867e+00 6.250374321295327107e+00 6.475060212307687912e+00 6.560429327050162129e+00
6.118550559377788911e-02 6.279793108643262345e-01 1.099746263945708069e+00 1.287068270598618502e+00 1.665351367025139862e+00 2.120068100791883126e+00 2.744877414765205970e+00 4.712836181641024247e+00 4.867141727873547374e+00 6.234887303925800595e+00 6.244528198482774961e+00 6.464149312551362492e+00 6.554927827113206540e+00
6.251562528059914636e-02 6.452794722355220669e-01 1.120325039808842238e+00 1.304344200908933882e+00 1.677740589364619117e+00 2.150265456864469016e+00 2.753947742884171657e+00 4.709079614973743944e+00 4.864889458771004094e+00 6.226996274458477920e+00 6.238638322730997388e+00 6.452958874709588954e+00 6.549387132195001904e+00
6.384574496742040361e-02 6.626578632375927924e-01 1.140675454533243149e+00 1.321508394468701830e+00 1.688352800832081391e+00 2.179694297353546251e+00 2.764186992924780206e+00 4.705755453971479874e+00 4.862764213454353168e+00 6.218913495815804104e+00 6.232710090684183690e+00 6.441488275004782160e+00 6.543812376250981444e+00
6.517586465424166087e-02 6.801098196067136836e-01 1.160791357596085760e+00 1.338549548406279266e+00 1.697205337930738134e+00 2.208322998914083790e+00 2.775577085673290867e+00 4.702895327554315053e+00 4.860774580659651178e+00 6.210640605534512027e+00 6.226748990967102770e+00 6.429737052456657942e+00 6.538208773355028924e+00
6.650598434106291812e-02 6.976302178207318683e-01 1.180666543118908951e+00 1.355456631007569079e+00 1.704329899378045132e+00 2.236120703253840158e+00 2.788085831124199832e+00 4.700530668938522894e+00 4.858929083696876816e+00 6.202179566046901904e+00 6.220760601037865101e+00 6.417704918018140248e+00 6.532581614343494714e+00
6.783610402788417537e-02 7.152134633802933461e-01 1.200294752045281133e+00 1.372218864218934131e+00 1.709771601561852261e+00 2.263057489715334825e+00 2.801667884055510260e+00 4.698692519937123890e+00 4.857236159542161147e+00 6.193532682620923602e+00 6.214750583793660077e+00 6.405391764182029490e+00 6.526936263237790747e+00
6.916622371470543262e-02 7.328534783169380340e-01 1.219669674601280285e+00 1.388825707737787907e+00 1.713587566113897065e+00 2.289104569214967633e+00 2.816266169401604014e+00 4.697411317034993594e+00 4.855704135319184545e+00 6.184702622244094172e+00 6.208724683918400267e+00 6.392797675143699010e+00 6.521278153437559233e+00
7.049634340152668988e-02 7.505436878236873000e-01 1.238784953049315796e+00 1.405266844617845345e+00 1.715845163934793804e+00 2.314234497801883172e+00 2.831813653257369445e+00 4.696716660629898676e+00 4.854341201849019960e+00 6.175692433546834614e+00 6.202688723961470529e+00 6.379922937616990808e+00 6.515612783676888675e+00
7.182646308834794713e-02 7.682770059164851784e-01 1.257634184746015737e+00 1.421532168318120792e+00 1.716620058106648861e+00 2.338421407419100095e+00 2.848235317242421960e+00 4.696637069531356623e+00 4.853155383934920408e+00 6.166505567866452431e+00 6.196648600136999363e+00 6.366768052414180978e+00 6.509945713736336792e+00
7.315658277516920438e-02 7.860458200459715661e-01 1.276210925514218442e+00 1.437611771127112137e+00 1.715994186912122021e+00 2.361641250721335350e+00 2.865450195163412594e+00 4.697199723548918016e+00 4.852154507039195153e+00 6.157145901558516599e+00 6.190610277833507702e+00 6.353333746917263269e+00 6.504282559904067895e+00
7.448670246199046163e-02 8.038419745900814428e-01 1.294508693338741301e+00 1.453495933896497450e+00 1.714053810985478155e+00 2.383872056061326017e+00 2.883373348092180155e+00 4.698430197748042048e+00 4.851346160004427865e+00 6.147617759667728166e+00 6.184579786824272674e+00 6.339620988586663231e+00 6.498628990179930121e+00
7.581682214881171888e-02 8.216567531699645599e-01 1.312520972394859653e+00 1.469175117021387811e+00 1.710887721063717670e+00 2.405094188039402781e+00 2.901917681514185610e+00 4.700352192663768136e+00 4.850737653472232402e+00 6.137925941075083713e+00 6.178563216169354888e+00 6.325630999676278954e+00 6.492990719217014650e+00
7.714694183563296226e-02 8.394808597440344133e-01 1.330241217417853283e+00 1.484639952607239355e+00 1.706585671022032846e+00 2.425290608366033940e+00 2.920995539956670495e+00 4.702987265393140603e+00 4.850335973660737210e+00 6.128075745242496097e+00 6.172566708801038082e+00 6.311365273350488359e+00 6.487373502995980701e+00
7.847706152245421951e-02 8.573043984494880254e-01 1.347662858420961340e+00 1.499881237766164110e+00 1.701237070117274541e+00 2.444447131264491979e+00 2.940520045228760093e+00 4.706354566985416987e+00 4.850147731178305222e+00 6.118073000678840856e+00 6.166596455785154696e+00 6.296825591430855518e+00 6.481783133228241844e+00
7.980718120927547676e-02 8.751168521777211717e-01 1.364779305768179407e+00 1.514889928988379042e+00 1.694929942212419549e+00 2.462552667289449104e+00 2.960406170507829504e+00 4.710470591864003076e+00 4.850179104577579281e+00 6.107924095253296493e+00 6.160658690251976211e+00 6.282014044038636058e+00 6.476225431485191031e+00
8.113730089609673402e-02 8.929070598897784761e-01 1.381583955606995540e+00 1.529657137536539313e+00 1.687750139994240728e+00 2.479599449302238412e+00 2.980571562207258829e+00 4.715348945099377964e+00 4.850435778391782193e+00 6.097636008481305936e+00 6.154759680991359616e+00 6.266933051445310099e+00 6.470706243051585815e+00
8.246742058291799127e-02 9.106631927027474260e-01 1.398070195665181981e+00 1.544174125813659204e+00 1.679780789100649541e+00 2.495583234458981448e+00 3.000937134584426236e+00 4.721000133171257218e+00 4.850922875446552318e+00 6.087216345905388515e+00 6.148905725708176284e+00 6.251585388499198537e+00 6.465231430502498711e+00
8.379754026973924852e-02 9.283727288065415362e-01 1.414231411413887196e+00 1.558432304656716338e+00 1.671101929908006101e+00 2.510503476453693761e+00 3.021427469128335375e+00 4.727431383388093877e+00 4.851644883306558853e+00 6.076673375686265643e+00 6.143103143935537247e+00 6.235974212063609023e+00 6.459806867004500575e+00
8.512765995656050577e-02 9.460224273064123945e-01 1.430060992598127356e+00 1.572423231510382102e+00 1.661790322248424490e+00 2.524363462916173528e+00 3.041971053148199822e+00 4.734646496367882484e+00 4.852605574798418253e+00 6.066016067508343212e+00 6.137358269604953342e+00 6.220103091984160670e+00 6.454438429343114514e+00
8.645777964338176302e-02 9.635983011284326993e-01 1.445552340133455571e+00 1.586138609436357649e+00 1.651919379166072455e+00 2.537170413774645805e+00 3.062500391033457170e+00 4.742645734941000057e+00 4.853807922651469653e+00 6.055254133885821233e+00 6.131677443274240247e+00 6.203976046203210082e+00 6.449131990680175619e+00
8.778789933020302028e-02 9.810855891762486625e-01 1.460698873366192529e+00 1.599570286915466211e+00 1.641559198740159209e+00 2.548935537515142791e+00 3.082952018613525969e+00 4.751425751548499221e+00 4.855254008416835632e+00 6.044398073930261184e+00 6.126067004016088724e+00 6.187597580762212779e+00 6.443893413046247076e+00
8.911801901702427753e-02 9.984687279877341171e-01 1.475494037692142824e+00 1.612710258400332108e+00 1.630776667004023350e+00 2.559674043543974875e+00 3.103266446909105802e+00 4.760979554730508490e+00 4.856944925963777138e+00 6.033459219605008528e+00 6.120533280972099810e+00 6.170972735584134838e+00 6.438728539575047094e+00
9.044813870384553478e-02 1.015731323211925385e+00 1.489931312526670659e+00 1.619635609352655381e+00 1.625550665577392362e+00 2.569405110212430454e+00 3.123388057061738277e+00 4.771296513694664121e+00 4.858880680011525399e+00 6.022449784443719700e+00 6.115082584579483616e+00 6.154107137114881887e+00 6.433643186488612997e+00
9.177825839066679203e-02 1.032856121310261832e+00 1.504004219616577709e+00 1.608196972079332765e+00 1.638083799297352483e+00 2.578151809411442841e+00 3.143264963832517189e+00 4.782362398295886052e+00 4.861060080334791422e+00 6.011382914646716813e+00 6.109721197479881738e+00 6.137007059134561793e+00 6.428643134843832208e+00
9.310837807748804928e-02 1.049824981984382788e+00 1.517706331681702325e+00 1.596519019539829998e+00 1.650302102133532012e+00 2.585940989904747855e+00 3.162848861055865601e+00 4.794159450116570298e+00 4.863480632482198196e+00 6.000272742385943658e+00 6.104455365122376520e+00 6.119679493338044729e+00 6.423734122052954021e+00
9.443849776430929266e-02 1.066618851945033697e+00 1.531031281371572961e+00 1.584657535778284609e+00 1.662198171527510038e+00 2.592803122664731674e+00 3.182094858955858196e+00 4.806666478771440154e+00 4.866138426068967959e+00 5.989134441042879509e+00 6.099291286075254170e+00 6.102132231645090776e+00 6.418921833192714033e+00
9.576861745113054991e-02 1.083217740765739290e+00 1.543972770519742133e+00 1.572666022229173288e+00 1.673764763481409679e+00 2.598772112342100371e+00 3.200961320321774828e+00 4.819858976116885962e+00 4.869028021948466289e+00 5.977984281968828917e+00 6.084373962653276458e+00 6.094235102063951359e+00 6.414211892118826697e+00
9.709873713795180716e-02 1.099600699709468943e+00 1.556524579675529152e+00 1.560595885359450818e+00 1.684994796755745039e+00 2.603885079592256790e+00 3.219409700177213285e+00 4.833709239740746177e+00 4.872142339831118107e+00 5.966839692188165678e+00 6.066414385217323790e+00 6.089292887755297201e+00 6.409609852404679842e+00
9.842885682477306442e-02 1.115745804577924050e+00 1.548496609892332065e+00 1.568680577890107619e+00 1.695881357531374478e+00 2.608182119274783606e+00 3.237404391713580853e+00 4.848186495936211315e+00 4.875472548204715650e+00 5.955719312256207765e+00 6.048264342859513754e+00 6.084470640311115730e+00 6.405121188125237452e+00
9.975897651159432167e-02 1.131630143808912248e+00 1.536415914630361979e+00 1.580434732730992442e+00 1.706417704493494059e+00 2.611706039534828605e+00 3.254912579830735453e+00 4.863257011283257825e+00 4.879007958716962357e+00 5.944643053228084284e+00 6.029935983630259067e+00 6.079774268737129006e+00 6.400751284509301087e+00
1.010890961984155789e-01 1.147229813235504992e+00 1.524399888942622683e+00 1.591781120495973756e+00 1.716597274294877629e+00 2.614502086486461430e+00 3.271904102569755501e+00 4.878884180901444267e+00 4.882735927510455376e+00 5.933632151387267406e+00 6.011442951200538509e+00 6.075209583056006224e+00 6.396505428485312450e+00
1.024192158852368362e-01 1.162519919117203093e+00 1.512493108768501182e+00 1.602713936594732047e+00 1.726413687354995563e+00 2.616617658684786019e+00 3.288351319974177400e+00 4.886641766352609828e+00 4.895028580295386789e+00 5.922709219016434545e+00 5.992800614449512508e+00 6.070782283336299656e+00 6.392388799148087664e+00
1.037493355720580934e-01 1.177474591250875058e+00 1.500738731577900831e+00 1.613227506063509731e+00 1.735860753950713153e+00 2.618102014846650949e+00 3.304228989421948981e+00 4.890708666778799341e+00 4.911647966355125128e+00 5.911898289065640633e+00 5.974026344700812174e+00 6.066497948611831781e+00 6.388406458175689195e+00
1.050794552588793507e-01 1.192067008159656938e+00 1.489178570166645121e+00 1.623316294175542351e+00 1.744932480553706755e+00 2.619005977419272213e+00 3.319514146184402215e+00 4.894917640864752784e+00 4.928697211334337247e+00 5.901224851082017331e+00 5.955139852172380621e+00 6.062362025728869952e+00 6.384563340227716211e+00
1.064095749457006079e-01 1.206269436527910743e+00 1.477853145498872811e+00 1.632974917107188562e+00 1.753623076368885370e+00 2.619381633666202802e+00 3.334185987850199151e+00 4.899247482660384456e+00 4.946128151320192678e+00 5.890715875215391861e+00 5.936163596275228826e+00 6.058379818160939401e+00 6.380864243357890153e+00
1.077396946325218652e-01 1.220053287184586166e+00 1.466801719068257182e+00 1.642198152617476481e+00 1.761926960027613509e+00 2.619282035006762044e+00 3.348225761268212253e+00 4.903674754742559649e+00 4.963889327617221348e+00 5.880399820516166720e+00 5.917123288288389737e+00 6.054556474833720614e+00 6.377313819475625145e+00
1.090698143193431224e-01 1.233389190016135784e+00 1.456062305464899120e+00 1.650980950696352645e+00 1.769838766388892592e+00 2.618760894471267253e+00 3.361616650783675997e+00 4.908173804762246739e+00 4.981925595372420190e+00 5.870306623115769007e+00 5.898048509828805130e+00 6.050896979004518172e+00 6.373916564892499359e+00
1.103999340061643797e-01 1.246247090190117701e+00 1.445671666023654600e+00 1.659318444135094550e+00 1.777353353401356806e+00 2.617872281379507005e+00 3.374343666741625558e+00 4.912716817244924705e+00 5.000177568466822819e+00 5.860467659259913198e+00 5.878973476592865843e+00 6.047406137242904656e+00 6.370676810991024119e+00
1.117300536929856231e-01 1.258596367965929996e+00 1.435665284607460901e+00 1.667205958970577884e+00 1.784465808978714652e+00 2.616670311766739587e+00 3.386393533487578988e+00 4.917273906209383760e+00 5.018580863067587217e+00 5.850915677600436737e+00 5.859937984166163183e+00 6.044088568560830765e+00 6.367598715053924607e+00
1.130601733798068803e-01 1.270405984131810717e+00 1.426077326755720742e+00 1.674639024753718619e+00 1.791171457841174819e+00 2.615208832716721776e+00 3.397754576387060688e+00 4.921813254339794774e+00 5.037065094361998341e+00 5.840988581174045180e+00 5.841684694712134807e+00 6.040948693741715836e+00 6.364686251293043107e+00
1.143902930666281376e-01 1.281644652708981980e+00 1.416940583607812387e+00 1.681613384591433169e+00 1.797465868275688106e+00 2.613541098652139016e+00 3.408416607694635836e+00 4.926301304398435832e+00 5.055552572432572056e+00 5.822180024115547248e+00 5.832809847577034468e+00 6.037990724919266583e+00 6.361943202117400276e+00
1.157204127534493948e-01 1.292281041980722023e+00 1.408286402197617804e+00 1.688125004910899563e+00 1.803344858768274106e+00 2.611719437807659361e+00 3.418370811412688060e+00 4.930703008201679616e+00 5.073956635479479615e+00 5.803577076385516342e+00 5.824327196881070812e+00 6.035218655457196490e+00 6.359373149680220827e+00
1.170505324402706521e-01 1.302284004117174598e+00 1.400144603904198259e+00 1.694170084894523143e+00 1.808804504462297569e+00 2.609794907585016865e+00 3.427609627575942675e+00 4.934982137682885295e+00 5.092179554974628708e+00 5.785256717924943004e+00 5.816273475523887626e+00 6.032636250181279358e+00 6.356979467744517720e+00
1.183806521270919093e-01 1.311622832669886662e+00 1.392543393032413368e+00 1.699745065534544297e+00 1.813841143397780353e+00 2.607816938263365802e+00 3.436126636667280021e+00 4.939101661208868954e+00 5.110109954500622997e+00 5.767310824994195784e+00 5.808685777884595502e+00 6.030247036014961814e+00 6.354765313906518109e+00
1.197107718139131666e-01 1.320267546012060977e+00 1.385509257678283257e+00 1.704846638256670488e+00 1.818451382487897616e+00 2.605832965593222195e+00 3.443916445103618162e+00 4.943024186288286437e+00 5.127619714422170460e+00 5.749849349313004510e+00 5.801601187236550494e+00 6.028054293068969116e+00 6.352733622215392728e+00
1.210408915007344238e-01 1.328189193431796422e+00 1.379066865198063985e+00 1.709471753063506405e+00 1.822632103190577446e+00 2.603888054097933669e+00 3.450974572920523453e+00 4.946712467029728444e+00 5.144560409839722404e+00 5.733003950582497232e+00 5.795056341348274742e+00 6.026061046234169716e+00 6.350887096226610851e+00
1.223710111875556811e-01 1.335360179100361089e+00 1.373238954737684203e+00 1.713617626150133244e+00 1.826380466834976124e+00 2.602024514377109909e+00 3.457297344925276406e+00 4.950129971160436959e+00 5.160759484174517020e+00 5.716931881520110892e+00 5.789086939765128115e+00 6.024270057325297856e+00 6.349228202524928477e+00
1.237011308743769383e-01 1.341754597616261924e+00 1.368046229379274337e+00 1.717281746946379917e+00 1.829693919564791882e+00 2.600281519260965624e+00 3.462881786678766893e+00 4.953241497186193776e+00 5.176016643677745499e+00 5.701819641562210883e+00 5.783727200454921835e+00 6.022683817821014252e+00 6.347759164751106908e+00
1.250312505611982095e-01 1.347348573373266634e+00 1.363507250513837032e+00 1.720461884542990649e+00 1.832570196863037459e+00 2.598694725187940424e+00 3.467725526706094019e+00 4.956013827572522068e+00 5.190101419946292260e+00 5.687885453528707558e+00 5.779009278207764666e+00 6.021304542243011149e+00 6.346481958164432946e+00
1.263613702480194667e-01 1.352120594739665504e+00 1.359638337043639122e+00 1.723156093461917004e+00 1.835007327625511664e+00 2.597295906538716004e+00 3.471826706326129219e+00 4.958416399014934584e+00 5.202753499033163642e+00 5.675378965938955744e+00 5.774962662045483697e+00 6.020134162213963691e+00 6.345398304770704989e+00
1.276914899348407240e-01 1.356051833099123360e+00 1.356453471947819178e+00 1.725362718734573919e+00 1.837003637753552132e+00 2.596112611718078611e+00 3.475183898435456165e+00 4.960421966438960162e+00 5.213688129866488552e+00 5.664575869421463850e+00 5.771613573418880705e+00 6.019174321230436497e+00 6.344509669042594169e+00
1.290216096216619812e-01 1.353964218603891378e+00 1.359126436316504538e+00 1.727080400255777581e+00 1.838557753239821624e+00 2.595167850399373144e+00 3.477796036485673259e+00 4.962007233922340887e+00 5.222609284916367223e+00 5.655764755298199553e+00 5.768984390553319130e+00 6.018426370183059149e+00 6.343817254256300942e+00
1.303517293084832385e-01 1.352179649045607057e+00 1.361331786260106425e+00 1.728308076385409287e+00 1.839668602724614299e+00 2.594479821425368815e+00 3.479662354761586585e+00 4.963153423876415893e+00 5.229232460992777831e+00 5.649224329333865313e+00 5.767093126326406249e+00 6.017891363651867387e+00 6.343321999465246108e+00
1.316818489953044957e-01 1.351106286055239636e+00 1.362658710699708342e+00 1.729044986774439741e+00 1.840335419503856151e+00 2.594061690324885650e+00 3.480782340905802741e+00 4.963846756086192968e+00 5.233316218426892874e+00 5.645191883117843368e+00 5.765952986994532736e+00 6.017570057000171779e+00 6.343024577128024255e+00
1.330119686821257530e-01 1.350748060641744575e+00 1.363101641220825666e+00 1.729290674396901650e+00 1.840557742974114452e+00 2.593921424241304674e+00 3.481155701449619944e+00 4.964078810909258621e+00 5.234696853552168960e+00 5.643828628725177765e+00 5.765572036602669037e+00 6.017462904285392433e+00 6.342925391404238944e+00
1.330119686821257530e-01 1.350748060641744575e+00 1.363101641220825666e+00 1.729290674396901650e+00 1.840557742974114452e+00 2.593921424241304674e+00 3.481155701449619944e+00 4.964078810909258621e+00 5.234696853552168960e+00 5.643828628725177765e+00 5.765572036602669037e+00 6.017462904285392433e+00 6.342925391404238944e+00
1.337799136746793405e-01 1.350637479960794529e+00 1.363113717983499784e+00 1.729532422091322186e+00 1.840736966705439626e+00 2.593902110999647181e+00 3.481125833512222378e+00 4.964069711484831338e+00 5.234675585731735303e+00 5.643761025809760135e+00 5.765494215469479933e+00 6.017509308575108129e+00 6.342948526971267320e+00
1.345478586672329280e-01 1.350306366103859457e+00 1.363149956207727165e+00 1.730256851438842114e+00 1.841274381285372463e+00 2.593844200576945980e+00 3.481036238918127967e+00 4.964042419170122677e+00 5.234611796020891106e+00 5.643558310036458359e+00 5.765261008849658531e+00 6.017648284941955694e+00 6.343017870309688888e+00
1.353158036597865155e-01 1.349756585815987009e+00 1.363210379667562755e+00 1.731461539663682325e+00 1.842169217471483433e+00 2.593747780977768258e+00 3.480886945342174688e+00 4.963996951852024608e+00 5.234505525750005717e+00 5.643220759918436968e+00 5.764873183383990352e+00 6.017879127569893072e+00 6.343133231675136763e+00
1.360837486523401030e-01 1.348991192061938627e+00 1.363295027871200382e+00 1.733142509140720655e+00 1.843420195185712540e+00 2.593612999202886016e+00 3.480677998977761423e+00 4.963933339379115850e+00 5.234356844066441639e+00 5.642748838295810643e+00 5.764332004612933602e+00 6.018200672267917994e+00 6.343294295968664898e+00
1.368516936448936905e-01 1.348014340339083628e+00 1.363403955888153885e+00 1.735294314150894746e+00 1.845025526480962297e+00 2.593440061741148828e+00 3.480409464640066286e+00 4.963851623617244968e+00 5.234165848329705995e+00 5.642143190325851876e+00 5.763639219145591852e+00 6.018611314263297096e+00 6.343500624436017254e+00
1.376196386374472780e-01 1.346831178571452847e+00 1.363537234107218943e+00 1.737910155246840116e+00 1.846982919649695187e+00 2.593229235262401122e+00 3.480081425911039528e+00 4.963751858527086114e+00 5.233932664664744827e+00 5.641404640695054873e+00 5.762797030586109592e+00 6.019109032222441868e+00 6.343751657020300527e+00
1.383875836300008655e-01 1.345447716771002833e+00 1.363694947925280010e+00 1.740982015007682238e+00 1.849289584430845679e+00 2.592980847515780951e+00 3.479693985326710592e+00 4.963634110263501320e+00 5.233657448673459278e+00 5.640534190078083654e+00 5.761808070038906493e+00 6.019691417677817569e+00 6.344046715342516407e+00
1.391555286225544530e-01 1.343870683329424276e+00 1.363877197366876182e+00 1.744500808275194048e+00 1.851942238259542739e+00 2.592695288439000656e+00 3.479247264607360890e+00 4.963498457296410038e+00 5.233340386304411673e+00 5.639533010875087626e+00 5.760675362158813151e+00 6.020355708895002600e+00 6.344385006277873273e+00
1.399234736151080405e-01 1.342107374893694915e+00 1.364084096634478049e+00 1.748456539865150594e+00 1.854937113493547063e+00 2.592373011485547440e+00 3.478741404931416259e+00 4.963344990552797320e+00 5.232981694880773027e+00 5.638402442264499825e+00 5.759402287801369091e+00 6.021098828124622493e+00 6.344765626090007160e+00
1.406914186076616280e-01 1.340165506346515878e+00 1.364315773589485525e+00 1.752838463172143646e+00 1.858269965540242596e+00 2.592014535178136736e+00 3.478176567253923768e+00 4.963173813579461857e+00 5.232581624286361865e+00 5.637143984613505410e+00 5.757992544361694165e+00 6.021917421150875249e+00 6.345187565080238734e+00
1.414593636002152155e-01 1.338053066573698047e+00 1.364572369163818077e+00 1.757635233917893780e+00 1.861936081798942100e+00 2.591620444898050213e+00 3.477552932670650687e+00 4.962985042725978957e+00 5.232140458309515907e+00 5.635759293292602834e+00 5.756450104870538098e+00 6.022807898068069932e+00 6.345649712704533485e+00
1.422273085927688030e-01 1.335778184597936402e+00 1.364854036702149997e+00 1.762835054389987333e+00 1.865930291325374801e+00 2.591191394921605440e+00 3.476870702829053528e+00 4.962778807347317134e+00 5.231658516144428894e+00 5.634250171944122698e+00 5.754779176850975730e+00 6.023766474281861960e+00 6.346150863107638429e+00
1.429952535853223905e-01 1.333349009435363497e+00 1.365160941234652148e+00 1.768425804735665352e+00 1.870246975118234678e+00 2.590728110716436827e+00 3.476130100387393007e+00 4.962555250025406650e+00 5.231136154049274012e+00 5.632618565257244470e+00 5.752984161837606969e+00 6.024789210833489506e+00 6.346689721021127717e+00
1.437631985778759780e-01 1.330773605815107397e+00 1.365493258680279931e+00 1.774395159087463592e+00 1.874880076921840777e+00 2.590231391511855552e+00 3.475331369523459113e+00 4.962314526808942361e+00 5.230573767160161758e+00 5.630866551303657985e+00 5.751069616333224666e+00 6.025872053272153472e+00 6.347264907970521897e+00
1.445311435704295655e-01 1.328059866789592647e+00 1.365851174980513560e+00 1.780730685406907821e+00 1.879823114434412190e+00 2.589702113159288999e+00 3.474474776494521855e+00 4.962056807470513142e+00 5.229971791459636421e+00 5.628996333489173942e+00 5.749040214836181661e+00 6.027010868442602920e+00 6.347874968735887968e+00
1.452990885629831530e-01 1.325215443318474406e+00 1.366234885163585933e+00 1.787419928875188635e+00 1.885069190807839412e+00 2.589141231300361223e+00 3.473560610250188585e+00 4.961782275780138640e+00 5.229330705898033393e+00 5.627010232176564486e+00 5.746900715425197426e+00 6.028201478701350702e+00 6.348518378010351348e+00
1.460670335555367405e-01 1.322247690163164346e+00 1.366644592339179232e+00 1.794450479404757992e+00 1.890611006322496790e+00 2.588549784862140601e+00 3.472589183100078358e+00 4.961491129794121768e+00 5.228651034665370290e+00 5.624910676034471813e+00 5.744655928245546939e+00 6.029439693217960361e+00 6.349193547201791077e+00
1.468349785480903280e-01 1.319163626886775464e+00 1.367080506623540526e+00 1.801810024387580089e+00 1.896440870119341593e+00 2.587928899900727941e+00 3.471560831438200712e+00 4.961183582157994820e+00 5.227933349611045166e+00 5.622700193165956151e+00 5.742310687107940126e+00 6.030721336150383749e+00 6.349898831324621185e+00
1.476029235406439155e-01 1.315969912402139563e+00 1.367542843995185775e+00 1.809486388149072145e+00 1.902550711871242362e+00 2.587279793816314566e+00 3.470475916526192695e+00 4.960859860422289103e+00 5.227178272807797121e+00 5.620381402068511001e+00 5.739869824293776013e+00 6.032042271601108396e+00 6.350632535930645695e+00
1.483708685331975030e-01 1.312672831321410882e+00 1.368031825081120534e+00 1.817467559767331764e+00 1.908932093276158870e+00 2.586603779964617988e+00 3.469334825337609285e+00 4.960520207369640389e+00 5.226386479255746842e+00 5.617957002475086448e+00 5.737338148560284345e+00 6.033398425361088613e+00 6.351392924030898612e+00
1.491388135257510905e-01 1.309278290303473868e+00 1.368547673873761861e+00 1.825741710977149657e+00 1.915576219256523327e+00 2.585902272691497306e+00 3.468137971465488079e+00 4.960164881351622590e+00 5.225558699721394973e+00 5.615429766123049227e+00 5.734720426257730708e+00 6.034785803529799431e+00 6.352178222963420495e+00
1.499067585183046780e-01 1.305791822637142774e+00 1.369090616378649816e+00 1.834297205839625633e+00 1.922473948751621142e+00 2.585176792819256608e+00 3.466885796095713790e+00 4.959794156633600792e+00 5.224695723705592876e+00 5.612802527495055038e+00 5.732021365407948821e+00 6.036200508162849587e+00 6.352986631165565612e+00
1.506747035108582655e-01 1.302218599409035615e+00 1.369660879193125513e+00 1.843122603751075950e+00 1.929615804993044526e+00 2.584428973614698588e+00 3.465578769048567320e+00 4.959408323745625680e+00 5.223798402533445184e+00 5.610078174572698195e+00 5.729245602547813121e+00 6.037638750144135535e+00 6.353816324813294614e+00
1.514426485034118530e-01 1.298563445759352009e+00 1.370258688016234627e+00 1.852206657214921837e+00 1.936991985157638041e+00 2.583660567270579023e+00 3.464217389891042220e+00 4.959007689837362065e+00 5.222867652558044860e+00 5.607259639640610693e+00 5.726397692111248716e+00 6.039096859509925252e+00 6.354665464293879573e+00
1.522105934959654405e-01 1.294830860905909597e+00 1.370884266090046655e+00 1.861538305627757461e+00 1.944592369297101664e+00 2.582873451932822473e+00 3.462802189122564211e+00 4.958592579034743153e+00 5.221904458468657140e+00 5.604349890175337912e+00 5.723482098106238425e+00 6.040571293469109371e+00 6.355532200482477023e+00
1.529785384885190280e-01 1.291025040801052404e+00 1.371537832572812921e+00 1.871106666151679310e+00 1.952406528449381673e+00 2.582069639306761477e+00 3.461333729436755657e+00 4.958163332795912481e+00 5.220909876692817697e+00 5.601351919850262817e+00 5.720503187837569392e+00 6.042058642370127686e+00 6.356414680797301209e+00
1.537464834810726155e-01 1.287149902466190099e+00 1.372219600844281961e+00 1.880901022570046877e+00 1.960423731843684347e+00 2.581251282875316910e+00 3.459812607061895307e+00 4.957720310263824537e+00 5.219885038880353711e+00 5.598268739684594486e+00 5.717465227428412788e+00 6.043555633862337295e+00 6.357311055011983569e+00
1.545144284736262030e-01 1.283209109217538169e+00 1.372929776743686991e+00 1.890910812860514545e+00 1.968632953118673701e+00 2.580420686761073057e+00 3.458239453182800016e+00 4.957263888612688518e+00 5.218831155456014947e+00 5.595103369361697609e+00 5.714372378903294525e+00 6.045059135490788549e+00 6.358219480807733248e+00
1.552823734661797905e-01 1.279206096149511085e+00 1.373668556740917479e+00 1.901125616071956737e+00 1.977022875482697284e+00 2.579580315262009371e+00 3.456614935446719272e+00 4.956794463385121752e+00 5.217749519225860055e+00 5.591858828739164622e+00 5.711228698608612930e+00 6.046566155949367527e+00 6.359138129051694399e+00
1.560503184587333780e-01 1.275144095377247933e+00 1.374436126041522099e+00 1.911535138962316749e+00 1.985581895755335724e+00 2.578732803086709602e+00 3.454939759555851531e+00 4.956312448816859728e+00 5.216641509021108902e+00 5.588538129570673085e+00 5.708038136763957660e+00 6.048073845200723220e+00 6.360065188791280022e+00
1.568182634512869655e-01 1.271026160656189452e+00 1.375232656626248495e+00 1.922129202743622312e+00 1.994298127242448260e+00 2.577880966308990551e+00 3.453214670948965281e+00 4.955818278145422973e+00 5.215508593361549039e+00 5.585144267457435419e+00 5.704804537956097654e+00 6.049579493652664119e+00 6.360998871957765033e+00
1.575862084438405530e-01 1.266855191095416444e+00 1.376058305225984268e+00 1.932897730187002949e+00 2.003159401411816365e+00 2.577027814053298727e+00 3.451440456574444315e+00 4.955312403899121421e+00 5.214352334119106480e+00 5.581680214045015909e+00 5.701531642406960643e+00 6.051080530561434578e+00 6.361937417775257231e+00
1.583541534363941405e-01 1.262633953763384609e+00 1.376913211232962064e+00 1.943830733263930410e+00 2.012153268355078239e+00 2.576176560910124369e+00 3.449617946756899922e+00 4.954795298162353312e+00 5.213174390160567384e+00 5.578148909479757833e+00 5.698223087866336023e+00 6.052574521813117947e+00 6.362879096873997220e+00
1.591220984289477280e-01 1.258365105051985733e+00 1.377797494549340085e+00 1.954918301437734707e+00 2.021266996043786790e+00 2.575330640064454002e+00 3.447748017159261824e+00 4.954267452813106765e+00 5.211976520946971725e+00 5.574553255137475460e+00 5.694882411998770877e+00 6.054059167215689818e+00 6.363822215109358638e+00
1.598900434215013155e-01 1.254051210718716280e+00 1.378711253374339085e+00 1.966150590670449949e+00 2.030487568415043409e+00 2.574493717098520040e+00 3.445831590841928804e+00 4.953729379728177840e+00 5.210760590065632414e+00 5.570896106636039846e+00 5.691513055151879996e+00 6.055532297416667653e+00 6.364765117090127156e+00
1.606579884140549030e-01 1.249694764569438954e+00 1.379654561931222601e+00 1.977517813172027683e+00 2.039801682355812495e+00 2.573669704401628344e+00 3.443869640420113676e+00 4.953181610951467917e+00 5.209528568669355764e+00 5.567180267142317618e+00 5.688118363409675915e+00 6.056991870545109791e+00 6.365706189421328709e+00
1.614259334066084906e-01 1.245298205777397138e+00 1.380627468135620761e+00 1.989010227890315674e+00 2.049195743696673233e+00 2.572862776083425729e+00 3.441863190320142429e+00 4.952624698820502047e+00 5.208282538796098926e+00 5.563408480983387250e+00 5.684701591849627533e+00 6.058435968661694204e+00 6.366643863668726588e+00
1.621938783991620781e-01 1.240863934858841056e+00 1.381629991206833941e+00 2.000618131719404058e+00 2.058655862376999934e+00 2.572077383240117587e+00 3.439813319134801706e+00 4.952059216045990198e+00 5.207024696541002307e+00 5.559583427571051395e+00 5.681265907935560300e+00 6.059862794087326421e+00 6.367576619053156861e+00
1.629618233917156656e-01 1.236394328344374793e+00 1.382662119223905917e+00 2.012331851389465687e+00 2.068167847006280979e+00 2.571318269364724962e+00 3.437721162077194581e+00 4.951485755739129857e+00 5.205757355051675361e+00 5.555707715648407152e+00 5.677814394990654101e+00 6.061270665668824442e+00 6.368502984884128360e+00
1.637297683842692531e-01 1.231891752197834089e+00 1.383723806628540220e+00 2.024141735991975111e+00 2.077717199123007674e+00 2.570590485619478560e+00 3.435587913531684912e+00 4.950904931381062468e+00 5.204482947316678043e+00 5.551783877866622419e+00 5.674350055705302154e+00 6.062658015029668057e+00 6.369421542742861320e+00
1.644977133768228406e-01 1.227358574043243333e+00 1.384814971676936013e+00 2.036038150089038101e+00 2.087289107545402977e+00 2.569899405598982334e+00 3.433414829699648063e+00 4.950317376728712304e+00 5.203204028716265306e+00 5.547814365699805350e+00 5.670875815643938722e+00 6.064023382844702326e+00 6.370330928425552486e+00
1.652656583693764281e-01 1.222797174265619402e+00 1.385935493843141852e+00 2.048011467353699988e+00 2.096868443319760633e+00 2.569250739104201653e+00 3.431203231336508175e+00 4.949723745651038342e+00 5.201923279303963810e+00 5.543801544705472928e+00 5.667394526722921988e+00 6.065365415169782004e+00 6.371229833658131447e+00
1.660336033619300156e-01 1.218209956053759591e+00 1.387085211176478650e+00 2.060052064688739026e+00 2.106439755904573996e+00 2.568650544317465201e+00 3.428954506575343064e+00 4.949124711889558270e+00 5.200643505787155618e+00 5.539747690137676983e+00 5.663908970638397378e+00 6.066682859850537568e+00 6.372117007593979032e+00
1.668015483544836031e-01 1.213599354453613666e+00 1.388263917615954135e+00 2.072150316774147960e+00 2.115987271383665824e+00 2.568105237615744940e+00 3.426670113830760034e+00 4.948520968736827008e+00 5.199367643174666931e+00 5.535654982919574252e+00 5.660421862229020995e+00 6.067974563028648127e+00 6.372991258106186940e+00
1.675694933470371906e-01 1.208967844499669875e+00 1.389471360265004618e+00 2.084296590997571919e+00 2.125494893679980013e+00 2.567621600082843347e+00 3.424351584775062296e+00 4.947913228626416249e+00 5.198098756059494008e+00 5.531525505981591095e+00 5.656935852763240291e+00 6.069239465759163288e+00 6.373851452885948454e+00
1.683374383395907781e-01 1.204317948489273205e+00 1.390707236629906030e+00 2.096481242727263439e+00 2.134946209942695905e+00 2.567206779581335585e+00 3.422000527376692247e+00 4.947302222627827817e+00 5.196840039505143949e+00 5.527361240970851242e+00 5.653453533145072818e+00 6.070476600748281548e+00 6.374696520358410723e+00
1.691053833321443656e-01 1.199652242461791030e+00 1.391971191825806642e+00 2.108694610893169674e+00 2.144324501500663782e+00 2.566868287025904305e+00 3.419618628988753795e+00 4.946688699839721259e+00 5.195594819504681716e+00 5.523164065336795048e+00 5.649977437035651917e+00 6.071685089217577769e+00 6.375525450427248941e+00
1.698733283246979531e-01 1.194973361940627088e+00 1.393262815754524597e+00 2.120927013848553866e+00 2.153612762007856674e+00 2.566613985267537146e+00 3.417207659472770498e+00 4.946073426674729490e+00 5.194366552982512708e+00 5.518935749797187817e+00 5.646510043890718755e+00 6.072864137897935777e+00 6.376337295058659649e+00
1.706412733172515406e-01 1.190284006991826793e+00 1.394581640258644173e+00 2.133168745491646145e+00 2.162793724639886062e+00 2.566452068764992323e+00 3.414769474339989674e+00 4.945457186029142527e+00 5.193158827310000447e+00 5.514677956187729713e+00 5.643053781916330891e+00 6.074013036154047640e+00 6.377131168715366449e+00
1.714092183098051281e-01 1.185586946649022977e+00 1.395927136256967849e+00 2.145410071634394455e+00 2.171849900416584767e+00 2.566391032003891848e+00 3.412306017889298104e+00 4.944840776330782894e+00 5.191975359307548388e+00 5.510392235697484153e+00 5.639611030947055070e+00 6.075131153238495507e+00 6.377906248650461407e+00
1.721771633023587156e-01 1.180885022749474711e+00 1.397298710866594185e+00 2.157641226613193908e+00 2.180763629898497147e+00 2.566439624450539636e+00 3.409819326317094834e+00 4.944225010458452196e+00 5.190819993707405544e+00 5.506080027491237594e+00 5.636184125252124311e+00 6.076217935673035697e+00 6.378661775070717077e+00
1.729451082949123031e-01 1.176181153222063624e+00 1.398695704517678440e+00 2.169852410144506472e+00 2.189517150600331252e+00 2.566606789731586513e+00 3.407311530770511965e+00 4.943610714526456285e+00 5.189696701053429173e+00 5.501742657718573071e+00 5.632775356276161993e+00 6.077272904753416860e+00 6.379397051178321121e+00
1.737130532874658906e-01 1.171478334863312876e+00 1.400117388067143809e+00 2.182033784436460788e+00 2.198092682438578915e+00 2.566901586755404807e+00 3.404784860310784200e+00 4.942998726527862985e+00 5.188609575016179143e+00 5.497381338908274628e+00 5.629386975321772901e+00 6.078295654173167861e+00 6.380111443099464097e+00
1.744809982800194781e-01 1.166779645633532425e+00 1.401562959918289053e+00 2.194175471576025771e+00 2.206472533332417996e+00 2.567333090687669017e+00 3.402241644748651872e+00 4.942389894830436781e+00 5.187562829104192197e+00 5.492997169745150288e+00 5.626021196181759443e+00 6.079285847761207506e+00 6.380804379707766927e+00
1.752489432725730656e-01 1.162088246501091993e+00 1.403031543153984595e+00 2.206267551219839973e+00 2.214639226651205384e+00 2.567910272117782444e+00 3.399684317308226067e+00 4.941785076519441766e+00 5.186560792754834281e+00 5.488591135225155071e+00 5.622680197729002849e+00 6.080243217327479854e+00 6.381475352349869290e+00
1.760168882651266531e-01 1.157407382858842260e+00 1.404522182691375409e+00 2.218300058625636506e+00 2.222575651494558269e+00 2.568641853457800384e+00 3.397115417069872745e+00 4.941185135581900312e+00 5.185607906790924204e+00 5.484164107183157277e+00 5.619366126471982525e+00 6.081167560610553302e+00 6.382123914480080096e+00
1.767848332576802406e-01 1.152740385533260081e+00 1.406033842467161010e+00 2.230262983070092186e+00 2.230265235760979348e+00 2.569536142643366716e+00 3.394537591136221888e+00 4.940590940927344299e+00 5.184708718232345248e+00 5.479716845186439755e+00 5.616081099083893413e+00 6.082058739320886254e+00 6.382749681210380999e+00
1.775527782502338281e-01 1.148090671403375840e+00 1.407565402662940057e+00 2.237692140590739953e+00 2.242146266708060054e+00 2.570600845573484783e+00 3.391953596458636699e+00 4.940003364240604711e+00 5.183867874454778146e+00 5.475249997785783584e+00 5.612827204912877122e+00 6.082916677273270345e+00 6.383352328781564999e+00
1.783207232427874156e-01 1.143461743643395367e+00 1.409115656980885589e+00 2.244841473082274330e+00 2.253939803937321518e+00 2.571842860409285336e+00 3.389366301254183256e+00 4.939423277662785772e+00 5.183090116691034588e+00 5.470764104114766546e+00 5.609606508480581510e+00 6.083741358602019034e+00 6.383931593960874729e+00
1.790886682353410031e-01 1.138857191599986107e+00 1.410683309981064726e+00 2.251699512256863489e+00 2.265633441342369547e+00 2.573268058773181544e+00 3.386778685935514677e+00 4.938851551297338993e+00 5.182380272873564842e+00 5.466259595827000162e+00 5.606421051975539527e+00 6.084532826052367227e+00 6.384487273370930360e+00
1.798566132278945906e-01 1.134280690312608808e+00 1.412266974492299543e+00 2.258253941227134742e+00 2.277216978300025119e+00 2.574881060905081398e+00 3.384193843468296325e+00 4.938289050538826608e+00 5.181743249820010000e+00 5.461736799360246586e+00 5.603272857747338520e+00 6.085291179341772327e+00 6.385019222754364954e+00
1.806245582204481781e-01 1.129735999682630387e+00 1.413865169109538522e+00 2.264494076620211072e+00 2.288680168338855125e+00 2.576685013733023499e+00 3.381614979062645965e+00 4.937736633222997717e+00 5.181184024766920970e+00 5.457195938515839728e+00 5.600163930806568047e+00 6.086016573584696943e+00 6.385527356178107183e+00
1.813925032130017656e-01 1.125226963295075544e+00 1.415476315791718065e+00 2.270411084775327826e+00 2.300012721353421608e+00 2.578681382342196127e+00 3.379045409097168662e+00 4.937195146597717077e+00 5.180707636259829663e+00 5.452637137341644014e+00 5.597096261334795209e+00 6.086709217774908254e+00 6.386011645180904139e+00
1.821604482055553531e-01 1.120757506894608291e+00 1.417098737574912448e+00 2.275998173356889698e+00 2.311204306782927542e+00 2.580869766200397653e+00 3.376488559166305858e+00 4.936665424115401102e+00 5.180319174410936256e+00 5.448060423307027555e+00 5.594071827207719672e+00 6.087369373319180710e+00 6.386472117867260323e+00
1.829283931981089406e-01 1.116331636515738079e+00 1.418730656416747449e+00 2.281250747045352245e+00 2.322244557871635084e+00 2.583247751471564602e+00 3.373947961134404760e+00 4.936148282048977265e+00 5.180023770538380923e+00 5.443465730758888732e+00 5.591092596533527193e+00 6.087997352616692837e+00 6.386908857950663432e+00
1.836963381906625281e-01 1.111953436265993078e+00 1.420370191189148867e+00 2.286166517052959257e+00 2.333123077135496271e+00 2.585810809658997123e+00 3.371427249073353227e+00 4.935644515934459520e+00 5.179826586203564176e+00 5.438852904649046138e+00 5.588160530207464838e+00 6.088593517678573264e+00 6.387322003748642452e+00
1.844642831832161156e-01 1.107627065759191343e+00 1.422015355837488171e+00 2.290745556384809145e+00 2.343829443164953563e+00 2.588552250641025232e+00 3.368930153955220774e+00 4.935154896845089567e+00 5.179732801664927777e+00 5.434221704525104002e+00 5.585277584482073898e+00 6.089158278782172751e+00 6.387711747131910478e+00
1.852322281757697031e-01 1.103356757195406157e+00 1.423664057725373855e+00 2.294990295886529363e+00 2.354353218897845323e+00 2.591463235035169177e+00 3.366460496967458305e+00 4.934680167503191939e+00 5.179747603768015018e+00 5.429571808779595443e+00 5.582445713551469346e+00 6.089692093155008479e+00 6.388078332429632411e+00
1.860001731683232906e-01 1.099146812083112268e+00 1.425314096185460677e+00 2.298905459883283875e+00 2.364683961498014408e+00 2.594532847057486880e+00 3.364022181316443039e+00 4.934221038237954993e+00 5.179876173292099040e+00 5.424902819155822620e+00 5.579666872146330725e+00 6.090195463683407695e+00 6.388422055292548585e+00
1.867681181608768781e-01 1.095001597599006171e+00 1.426963161297766236e+00 2.302497944194899393e+00 2.374811233974298386e+00 2.597748225057749494e+00 3.361619182385882976e+00 4.933778182798961964e+00 5.180123671773158911e+00 5.420214265513807028e+00 5.576943018134949526e+00 6.090668937641243730e+00 6.388743261515631211e+00
1.875360631534304656e-01 1.090925542580331031e+00 1.428608832918033533e+00 2.305776643034556095e+00 2.384724618670159835e+00 2.601094743182193803e+00 3.359255536120610675e+00 4.933352234037452710e+00 5.180495227820693493e+00 5.415505610866204300e+00 5.574276115123855568e+00 6.091113105434289743e+00 6.389042345821567714e+00
1.883040081459840531e-01 1.086923133145044185e+00 1.430248579979793933e+00 2.308752234329842334e+00 2.394413732746055512e+00 2.604556234578143226e+00 3.356935325514068591e+00 4.932943779469267653e+00 5.180995922941757925e+00 5.410776256702814813e+00 5.571668135049990589e+00 6.091528599356003326e+00 6.389319750606468951e+00
1.890719531385376406e-01 1.082998907935214472e+00 1.431879760094638021e+00 2.311436935028468032e+00 2.403868245763859601e+00 2.608115244525242460e+00 3.354662665089976681e+00 4.932553356735748018e+00 5.181630776878436428e+00 5.406025548633792255e+00 5.569121060754579133e+00 6.091916092350802003e+00 6.389575964648882334e+00
1.898398981310912281e-01 1.079157452979948362e+00 1.433499619476316100e+00 2.313844238817404531e+00 2.413077899464634246e+00 2.611753301005758754e+00 3.352441683286062624e+00 4.932181448981169503e+00 5.182404732454053864e+00 5.401252782396994689e+00 5.566636888526954152e+00 6.092276296781069966e+00 6.389811521783175685e+00
1.906078431236448156e-01 1.075403396174766213e+00 1.435105293214748556e+00 2.315988648421387630e+00 2.422032529807383483e+00 2.615451190483360833e+00 3.350276502670626488e+00 4.931828480167730788e+00 5.183322639906871920e+00 5.396457210295617202e+00 5.564217630604700204e+00 6.092609963194425049e+00 6.390026999538325647e+00
1.913757881161984031e-01 1.071741401375799096e+00 1.436693805926895440e+00 2.317885413432525077e+00 2.430722091306463550e+00 2.619189227868992553e+00 3.348171217951961598e+00 4.931494810351653157e+00 5.184389240666118503e+00 5.391638048160349861e+00 5.561865317614587134e+00 6.092917879088057376e+00 6.390223017742994394e+00
1.921437331087519906e-01 1.068176162108576355e+00 1.438262072811731240e+00 2.319550282731245971e+00 2.439136683668801986e+00 2.622947511538896048e+00 3.346129871776202691e+00 4.931180730946628898e+00 5.185609150490218866e+00 5.386794482968960907e+00 5.559582000936623913e+00 6.093200867667015075e+00 6.390400237097877856e+00
1.929116781013055781e-01 1.064712394892836533e+00 1.439806901136744477e+00 2.320999278300349467e+00 2.447266580688845394e+00 2.626706156524161617e+00 3.344156428351548804e+00 4.930886460003423899e+00 5.186986841836618289e+00 5.381925681310113951e+00 5.557369754971682951e+00 6.093459786593804495e+00 6.390559357716161237e+00
1.936796230938591656e-01 1.061354832186982122e+00 1.441324992183369069e+00 2.322248494898954796e+00 2.455102261309421774e+00 2.630445501322599799e+00 3.342254744985569292e+00 4.930612137537251805e+00 5.188526625259378910e+00 5.377030798954599788e+00 5.555230679290932727e+00 6.093695526726692790e+00 6.390701117633075690e+00
1.944475680864127531e-01 1.058108214957976356e+00 1.442812943678247972e+00 2.323313927884977037e+00 2.462634442700624149e+00 2.634146285959035882e+00 3.340428541677370244e+00 4.930357820937223856e+00 5.190232629523499064e+00 5.372108991906804576e+00 5.553166900643399018e+00 6.093909010844470231e+00 6.390826291285462979e+00
1.952155130789663406e-01 1.054977284885133315e+00 1.444267252736569196e+00 2.324211329611461707e+00 2.469854115147748885e+00 2.637789800781711769e+00 3.338681368966470941e+00 4.930123480494892796e+00 5.192108779966689625e+00 5.367159429469702481e+00 5.551180574795980149e+00 6.094101192355632080e+00 6.390935687962376655e+00
1.959834580715199281e-01 1.051966776208950627e+00 1.445684319342505741e+00 2.324956093355330822e+00 2.476752578473849109e+00 2.641358006948317794e+00 3.337016574304615624e+00 4.929908995091513368e+00 5.194158774401938850e+00 5.362181310095132325e+00 5.549273888178157144e+00 6.094273053990181488e+00 6.391030150227732243e+00
1.967514030640735156e-01 1.049081407239130570e+00 1.447060450390048159e+00 2.325563162684773921e+00 2.483321479654994945e+00 2.644833630607954511e+00 3.335437267283301033e+00 4.929714148086255854e+00 5.196386055493110945e+00 5.357173881153375561e+00 5.547449059301993834e+00 6.094425606472547940e+00 6.391110552316254356e+00
1.975193480566271031e-01 1.046325871539306451e+00 1.448391864305600185e+00 2.326046963504281528e+00 2.489552851218327589e+00 2.648200233454016672e+00 3.333946284116632519e+00 4.929538623449920109e+00 5.198793777974678676e+00 5.352136464316805231e+00 5.545708339926172847e+00 6.094559887174247237e+00 6.391177798503783869e+00
1.982872930491806907e-01 1.043704828809022933e+00 1.449674696270812246e+00 2.326421355676988600e+00 2.495439149947690005e+00 2.651442262665258287e+00 3.332546151843544635e+00 4.929382002190952683e+00 5.201384768197083730e+00 5.347068489141572734e+00 5.544054015931362045e+00 6.094676958745343320e+00 6.391232821453425750e+00
1.990552380417342782e-01 1.041222895487330602e+00 1.450905004061035397e+00 2.326699601042821364e+00 2.500973295361352822e+00 2.654545083337729761e+00 3.331239052772620557e+00 4.929243759122412527e+00 5.204161472032203584e+00 5.341969538876598200e+00 5.542488407872828482e+00 6.094777907723813115e+00 6.391276580538878704e+00
1.998231830342878657e-01 1.038884635105612686e+00 1.452078774510795922e+00 2.326894344757600042e+00 2.506148707374764584e+00 2.657494996409281107e+00 3.330026789743559146e+00 4.929123260020214836e+00 5.207125884755264167e+00 5.336839414945034221e+00 5.541013871175352712e+00 6.094863843122382718e+00 6.391310060146497385e+00
2.005911280268414532e-01 1.036694548421058570e+00 1.453191930613302096e+00 2.327017607109560959e+00 2.510959342521147164e+00 2.660279244854193870e+00 3.328910752818379670e+00 4.929019759224059882e+00 5.210279452350162543e+00 5.331678230709594679e+00 5.539632795934595677e+00 6.094935894992423719e+00 6.391334267957827997e+00
2.013590730193950407e-01 1.034657063365616914e+00 1.454240339255758796e+00 2.327080783273334230e+00 2.515399728077598152e+00 2.662886010630472811e+00 3.327891888040092283e+00 4.928932397733280624e+00 5.213622926239795063e+00 5.326486552574651867e+00 5.538347606289010905e+00 6.094995212964986919e+00 6.391350233214287968e+00
2.021270180119486282e-01 1.032776524848875610e+00 1.455219819586630381e+00 2.327094648796690812e+00 2.519464993436663747e+00 2.665304404537089944e+00 3.326970668903367567e+00 4.928860201849951217e+00 5.217156139607129539e+00 5.321265620309084454e+00 5.537160759326437365e+00 6.095042964769109339e+00 6.391359004966060020e+00
2.028949630045022157e-01 1.031057184456453113e+00 1.456126152004427521e+00 2.327069368953243345e+00 2.523150898075438686e+00 2.667524450811872949e+00 3.326147071169169411e+00 4.928802082421075426e+00 5.220877646561635999e+00 5.316017705379692870e+00 5.536074743490241978e+00 6.095080334727888349e+00 6.391361650307135100e+00
2.036629079970558032e-01 1.029503190088957520e+00 1.456955087750898548e+00 2.327014510415368775e+00 2.526453855507598600e+00 2.669537067992344248e+00 3.325420551621537157e+00 4.928756834730693370e+00 5.224784110235255241e+00 5.310746721249387292e+00 5.535092076451268994e+00 6.095108522233051218e+00 6.391359252598743268e+00
2.044308529896093907e-01 1.028118575589153316e+00 1.457702359083797194e+00 2.326939053993925199e+00 2.529370952658667182e+00 2.671334047283097313e+00 3.324790031309343252e+00 4.928723139090515737e+00 5.228869205645199081e+00 5.305459319834586296e+00 5.534215302413739934e+00 6.095128740198949124e+00 6.391352909683513772e+00
2.051987979821629782e-01 1.026907250407729011e+00 1.458363689996660328e+00 2.326851407449260112e+00 2.531899964180890361e+00 2.672908029430126842e+00 3.324253883739809456e+00 4.928699562175136606e+00 5.233121521549405131e+00 5.300166989920626293e+00 5.533446988825972745e+00 6.095142213497178219e+00 6.391343732092731322e+00
2.059667429747165657e-01 1.025872989360202103e+00 1.458934807444743242e+00 2.326759417599308044e+00 2.534039361319180728e+00 2.674252480896549322e+00 3.323809928395216495e+00 4.928684559143990285e+00 5.237520227655615201e+00 5.294890391191401591e+00 5.532789722470297100e+00 6.095150177373291456e+00 6.391332841249342422e+00
2.067346879672701532e-01 1.025019422529254376e+00 1.459411453027904537e+00 2.326670381136384691e+00 2.535788315051130670e+00 2.675361669964279265e+00 3.323455429833018115e+00 4.928676476587554589e+00 5.242025252349731268e+00 5.289669178716910558e+00 5.532246104910753637e+00 6.095153875847252323e+00 6.391321367669270614e+00
2.075026329598237407e-01 1.024350025367903871e+00 1.459789395072537577e+00 2.326591053716753343e+00 2.537146693347839932e+00 2.676230643249968733e+00 3.323187102506001356e+00 4.928673556329578709e+00 5.246552354701822019e+00 5.284586934141724868e+00 5.531818747282407855e+00 6.095154560099474317e+00 6.391310449163960961e+00
2.082705779523773282e-01 1.023868109059835385e+00 1.460064441046602157e+00 2.326527657009539674e+00 2.538115052533644000e+00 2.676855203017112661e+00 3.323001121308462924e+00 4.928673940110441798e+00 5.250901395690109830e+00 5.279842898627501668e+00 5.531510264412063727e+00 6.095153486844637314e+00 6.391301229046922217e+00
2.090385229449309157e-01 1.023576811193094960e+00 1.460232450233371004e+00 2.326485883487383166e+00 2.538694622856322081e+00 2.677231885586194959e+00 3.322893137721235846e+00 4.928675675168802783e+00 5.254535190575936987e+00 5.275973125601923996e+00 5.531323268267031246e+00 6.095151916695512817e+00 6.391294854347273180e+00
2.098064679374845032e-01 1.023479086802886906e+00 1.460289346582127834e+00 2.326470898814114285e+00 2.538887288509820372e+00 2.677357941087163518e+00 3.322858301299134176e+00 4.928676720730109651e+00 5.256136220455497998e+00 5.274293775266013284e+00 5.531260360736389714e+00 6.095151112519304526e+00 6.391292474033345883e+00
2.098064679374845032e-01 1.023479086802886906e+00 1.460289346582127834e+00 2.326470898814114285e+00 2.538887288509820372e+00 2.677357941087163518e+00 3.322858301299134176e+00 4.928676720730109651e+00 5.256136220455497998e+00 5.274293775266013284e+00 5.531260360736389714e+00 6.095151112519304526e+00 6.391292474033345883e+00
2.113423578892640042e-01 1.023875215105181979e+00 1.460053897520160460e+00 2.326539321428718665e+00 2.538122556637737226e+00 2.676850629986580632e+00 3.322986321736013604e+00 4.928668185455313377e+00 5.250495981375982169e+00 5.280243817367784587e+00 5.531517120810595323e+00 6.095156854934116630e+00 6.391304291568790319e+00
2.128782478410435053e-01 1.025076171225506760e+00 1.459327269487320056e+00 2.326763645827159444e+00 2.535847940054596350e+00 2.675324881046162062e+00 3.323337453092244598e+00 4.928630550947866951e+00 5.240099719247058196e+00 5.291558852686157444e+00 5.532300843446849470e+00 6.095180799450383269e+00 6.391345845613419563e+00
2.144141377928230063e-01 1.027098219257227107e+00 1.458080491265760337e+00 2.327165888776657088e+00 2.532098936930869737e+00 2.672782725364767131e+00 3.323858040869441588e+00 4.928545189300176155e+00 5.228608880136448533e+00 5.304559197424551620e+00 5.533631099756508576e+00 6.095232962066606142e+00 6.391426220281896775e+00
2.159500277446025074e-01 1.029954018310252684e+00 1.456286830014751343e+00 2.327758982245584640e+00 2.526918145928381154e+00 2.669236314282008138e+00 3.324489825692514167e+00 4.928392983658794968e+00 5.216636173863275161e+00 5.318611132324797097e+00 5.535526401694622400e+00 6.095323237236550007e+00 6.391554366633718232e+00
2.174859176963820084e-01 1.033652474562745116e+00 1.453922142964234165e+00 2.328546214018191840e+00 2.520353860248360611e+00 2.664707795007828839e+00 3.325171337714452058e+00 4.928154725255950552e+00 5.204333964393380363e+00 5.333538885006639418e+00 5.538003847462626972e+00 6.095461346597375929e+00 6.391739051523010140e+00
2.190218076481615095e-01 1.038198640422157037e+00 1.450965182991583502e+00 2.329520472901465578e+00 2.512458655043836142e+00 2.659229398494485253e+00 3.325839280464876424e+00 4.927811540397980750e+00 5.191756392488220406e+00 5.349262909679233680e+00 5.541078754982764920e+00 6.095656789053250257e+00 6.391988808898809715e+00
2.205576975999410105e-01 1.043593662490976071e+00 1.447397847129898940e+00 2.330663270095230111e+00 2.503288040728538721e+00 2.652843787216970561e+00 3.326429832076505555e+00 4.927345333349705925e+00 5.178928147455179598e+00 5.365731538453292870e+00 5.544764296717255903e+00 6.095918792663348462e+00 6.392311893925331390e+00
2.220935875517205116e-01 1.049834778393440748e+00 1.443205359497464091e+00 2.331943494093599245e+00 2.492899237353695341e+00 2.645604722322795421e+00 3.326879809753775508e+00 4.926739229140922660e+00 5.165863370426306389e+00 5.382902512903630310e+00 5.549071150470783920e+00 6.096256268775757547e+00 6.392716240261605343e+00
2.236294775035000126e-01 1.056915360883439625e+00 1.438376383208028519e+00 2.333315842461488376e+00 2.481350106080778328e+00 2.637578120271398596e+00 3.327127663047662942e+00 4.925977999359425041e+00 5.152572280733917154e+00 5.400736795729999429e+00 5.554007181258123538e+00 6.096677768829744437e+00 6.393209420802353549e+00
2.251653674552795137e-01 1.064825006113833350e+00 1.432903059265493662e+00 2.334718865358906825e+00 2.468698255632880034e+00 2.628843573545196488e+00 3.327114280163958160e+00 4.925048454158471145e+00 5.139063932999232698e+00 5.419196246936010652e+00 5.559577168690140958e+00 6.097191444219251188e+00 6.393798612137466364e+00
2.267012574070590147e-01 1.073549661588225845e+00 1.426780973966450983e+00 2.336072563660825274e+00 2.455000326329689564e+00 2.619496397753446892e+00 3.326783607266730503e+00 4.923939785052421136e+00 5.125347525107159186e+00 5.438242737216550715e+00 5.565782592596332456e+00 6.097805009570724799e+00 6.394490562937637179e+00
2.282371473588385158e-01 1.083071788203467500e+00 1.420009059626664127e+00 2.337275529763788384e+00 2.440311442809580011e+00 2.609650218020875378e+00 3.326083092616832104e+00 4.922643845524620865e+00 5.111433088931079283e+00 5.457837860514461070e+00 5.572621486857893380e+00 6.098525709739809564e+00 6.395291566419699869e+00
2.297730373106180168e-01 1.093370549969049144e+00 1.412589436247140950e+00 2.338201738465665258e+00 2.424684818928636076e+00 2.599439984507722734e+00 3.324963975280625483e+00 4.921155359813713659e+00 5.097331889808007332e+00 5.477942914592616397e+00 5.580088367897461765e+00 6.099360290775392990e+00 6.396207436988621708e+00
2.313089272623975179e-01 1.104422024477170083e+00 1.404527203844730510e+00 2.338697346223880480e+00 2.408171494174832894e+00 2.589025052935602034e+00 3.323381442474602654e+00 4.919472054162369545e+00 5.083056676015650588e+00 5.498519004234013963e+00 5.588174240285127325e+00 6.100314975038032550e+00 6.397243491095714774e+00
2.328448172141770189e-01 1.116199426988305987e+00 1.395830196482845897e+00 2.338578310942899030e+00 2.390820179542457069e+00 2.578591509951060790e+00 3.321294681078503785e+00 4.917594708927629732e+00 5.068621844416104416e+00 5.519527197728726797e+00 5.596866677854468008e+00 6.101395440594638231e+00 6.398404532295823621e+00
2.343807071659565200e-01 1.128673341065489000e+00 1.386508709534670203e+00 2.337630340712867572e+00 2.372677191402509322e+00 2.568352225602485106e+00 3.318666848231846433e+00 4.915527133885399635e+00 5.054043555152470724e+00 5.540928701444845395e+00 5.606149974952841397e+00 6.102606804944501917e+00 6.399694840431491727e+00
2.359165971177360210e-01 1.141811948990998138e+00 1.376575211461343207e+00 2.335613499359435075e+00 2.353786453768280218e+00 2.558542295353565255e+00 3.315464983948613220e+00 4.913276072482534396e+00 5.039339812421082421e+00 5.562685033875976792e+00 5.616005359297320254e+00 6.103953613065595363e+00 6.401118164821228973e+00
2.374524870695155221e-01 1.155581255676708885e+00 1.366044050519989783e+00 2.332274241707413598e+00 2.334189551911917349e+00 2.549407089355876455e+00 3.311659885937372483e+00 4.910851043461192056e+00 5.024530520280073631e+00 5.584758189208268497e+00 5.626411255595233918e+00 6.105439829706166499e+00 6.402677721282413970e+00
2.389883770212950231e-01 1.169945300370651475e+00 1.354931165496158219e+00 2.313925823110908997e+00 2.327366713178744995e+00 2.541181065921882531e+00 3.307225963748230413e+00 4.908264130076624099e+00 5.009637518107024512e+00 5.607110785238318407e+00 5.637343587723370852e+00 6.107068835787263339e+00 6.404376192778923560e+00
2.405242669730745242e-01 1.184866351104135740e+00 1.343253807958032953e+00 2.293032473107774916e+00 2.320681796745909242e+00 2.534058859088091253e+00 3.302141086294132943e+00 4.905529728040046500e+00 4.994684597832964812e+00 5.629706193256589053e+00 5.648776106834130672e+00 6.108843428727725566e+00 6.406215733449056593e+00
2.420601569248540252e-01 1.200305077452402891e+00 1.331030281819811867e+00 2.271544709486343017e+00 2.312077131167853850e+00 2.528165410836163751e+00 3.296386433909052283e+00 4.902664263426378177e+00 4.979697503573587092e+00 5.652508649185732814e+00 5.660680733165809109e+00 6.110765826456623806e+00 6.408197975742029762e+00
2.435960468766335263e-01 1.216220697738096046e+00 1.318279704317549594e+00 2.249495885528587369e+00 2.301497582900142280e+00 2.523535661735336166e+00 3.289946363519720141e+00 4.899685891242165248e+00 4.964703913311478978e+00 5.673027900407234370e+00 5.675483346288536346e+00 6.112837674838869084e+00 6.410324040370623422e+00
2.451319368284130273e-01 1.232571097232217694e+00 1.305021790947161975e+00 2.226917650209780053e+00 2.288977802348634238e+00 2.520112167099856304e+00 3.282808293270668365e+00 4.896614184334294073e+00 4.949733401631721819e+00 5.685786893001528952e+00 5.698596510384373204e+00 6.115060058209337512e+00 6.412594548774121606e+00
2.466678267801925284e-01 1.249312914143452913e+00 1.291276665559756953e+00 2.203840101857903022e+00 2.274626550676402292e+00 2.517760951673517766e+00 3.274962611064649476e+00 4.893469821020747013e+00 4.934817382062501423e+00 5.698926168566528894e+00 5.721815458878931615e+00 6.117433512688725372e+00 6.415009637778660512e+00
2.482037167319720294e-01 1.266401590166238433e+00 1.277064695690055762e+00 2.180291944726356679e+00 2.258600521207862588e+00 2.516297879262578086e+00 3.266402609948731772e+00 4.890274278405663644e+00 4.919989027266629122e+00 5.712413659478365879e+00 5.745108645105941214e+00 6.119958041940917859e+00 6.417568976141327042e+00
2.497396066837515305e-01 1.262406352318714342e+00 1.283791381996036485e+00 2.156300649425144211e+00 2.241077649747759359e+00 2.515515544451592422e+00 3.257124452063826059e+00 4.887049536933935734e+00 4.905283165146456348e+00 5.726217049465825326e+00 5.768445689557631262e+00 6.122633135026189777e+00 6.420271782669188632e+00
2.512754966355310593e-01 1.247322092627141776e+00 1.301435329392882645e+00 2.131892619990710891e+00 2.222236572224123741e+00 2.515204030153627368e+00 3.247127161949952878e+00 4.883817800437725509e+00 4.890736148859796018e+00 5.740304022692526154e+00 5.791797399579672323e+00 6.125457786006585970e+00 6.423116845614130099e+00
2.528113865873105603e-01 1.231832263870176192e+00 1.319285173891314278e+00 2.107093372586783531e+00 2.202244085207403668e+00 2.515163678024179283e+00 3.236412649326145363e+00 4.876385698806223523e+00 4.880601234782689701e+00 5.754642484200474861e+00 5.815135779052686971e+00 6.128430514968385090e+00 6.426102543058167527e+00
2.543472765390900614e-01 1.215957026235990890e+00 1.337291219803926401e+00 2.081927733778471623e+00 2.181249327412857486e+00 2.515211156346547128e+00 3.224985761007657992e+00 4.862270714845733366e+00 4.877421727258252737e+00 5.769200751724945064e+00 5.838434029494743882e+00 6.131549390141005418e+00 6.429226864021003962e+00
2.558831664908695624e-01 1.199716292449956478e+00 1.355402125222041176e+00 2.056420070582618553e+00 2.159382403471695966e+00 2.515181106667789379e+00 3.212854361348359777e+00 4.848431057371796804e+00 4.874300668072002019e+00 5.783947719766487694e+00 5.861666543910619254e+00 6.134812050810502626e+00 6.432487430041303966e+00
2.574190564426490635e-01 1.183129681876856187e+00 1.373564604370703934e+00 2.030594571025723827e+00 2.136755433169208906e+00 2.514925388127341677e+00 3.200029440466654496e+00 4.834907296393651244e+00 4.871258754686316195e+00 5.798852997441053425e+00 5.884808894594608653e+00 6.138215730748618704e+00 6.435881517004598429e+00
2.589549463944285645e-01 1.166216486954086307e+00 1.391723012311574692e+00 2.004475604398356925e+00 2.113464654507823504e+00 2.514311292574432422e+00 3.186525249490236522e+00 4.821740428498841879e+00 4.868315819249545484e+00 5.813887022052606213e+00 5.907837815970410134e+00 6.141757281903399424e+00 6.439406077013169138e+00
2.604908363462080656e-01 1.148995649921597195e+00 1.409818765655353801e+00 1.978088207780816621e+00 2.089592791710988884e+00 2.513219519884230202e+00 3.172359462095436733e+00 4.808971562468904892e+00 4.865490678996837737e+00 5.829021150580397936e+00 5.930731183430009601e+00 6.145433198124507612e+00 6.443057760116338351e+00
2.620267262979875666e-01 1.131485747981575196e+00 1.427789523081194334e+00 1.951458775343604568e+00 2.065211297563509962e+00 2.511542303459966430e+00 3.157553361671509684e+00 4.796641575398590263e+00 4.862801009199909430e+00 5.844227731380177815e+00 5.953467989016311357e+00 6.149239638723922319e+00 6.446832935742383697e+00
2.635626162497670677e-01 1.113704985205225872e+00 1.445567996191005733e+00 1.924616080328563017e+00 2.040382312805598453e+00 2.509181841269212399e+00 3.142132053450429119e+00 4.784790742397341035e+00 4.860263238008633913e+00 5.859480158399227534e+00 5.976028314684171505e+00 6.153172451700623213e+00 6.450727713695651566e+00
2.650985062015465688e-01 1.095671189694313874e+00 1.463080162436733112e+00 1.897592858674213900e+00 2.015160306901218501e+00 2.506049064721174613e+00 3.126124700837955572e+00 4.773458344288198596e+00 4.857892462332681127e+00 5.874752910128176353e+00 5.998393303772657781e+00 6.157227196484918785e+00 6.454737964603726397e+00
2.666343961533260698e-01 1.077401814691121285e+00 1.480242460495795997e+00 1.870428375093490914e+00 1.989593420426239767e+00 2.502062720278031005e+00 3.109564784876072352e+00 4.762682259102508198e+00 4.855702383746898221e+00 5.890021575383068253e+00 6.020545131228444369e+00 6.161399166084168044e+00 6.458859339719698056e+00
2.681702861051055709e-01 1.058913942507718975e+00 1.496957159301797402e+00 1.843172782374597141e+00 1.963724550213978404e+00 2.497148716346592412e+00 3.092490385155482358e+00 4.752498544520279644e+00 4.853705263262526159e+00 5.905262867849035757e+00 6.042466973036773936e+00 6.165683408536096977e+00 6.463087290003239005e+00
2.697061760568850719e-01 1.040224290309064159e+00 1.513104256349709464e+00 1.815894921487877456e+00 1.937592222201994341e+00 2.491239682866805527e+00 3.074944479453453727e+00 4.742941019632344712e+00 4.851911893684691002e+00 5.920454631137459067e+00 6.064142975241587408e+00 6.170074747598471632e+00 6.467417084421162699e+00
2.712420660086645730e-01 1.021349216933334914e+00 1.528526356540352849e+00 1.788697116232482731e+00 1.911231293317509072e+00 2.484274693531044242e+00 3.056975257746995300e+00 4.734040855401089765e+00 4.850331588174053188e+00 5.935575835923423860e+00 6.085558222870700362e+00 6.174567802624519430e+00 6.471843827423650275e+00
2.727779559604440740e-01 1.002304730065992633e+00 1.542998363821287855e+00 1.761745137698176755e+00 1.884673517585368385e+00 2.476199105969657310e+00 3.038636443871858717e+00 4.725826183870600161e+00 4.848972183549162374e+00 5.950606570547546603e+00 6.106698709023944183e+00 6.179157007591645545e+00 6.476362475565878185e+00
2.743138459122235751e-01 9.831064932016929658e-01 1.556161990105989990e+00 1.735333345045020792e+00 1.857948005204584030e+00 2.466964481350533145e+00 3.019987614776701967e+00 4.718321736435176383e+00 4.847840056806826503e+00 5.965528026291914365e+00 6.127551304331904980e+00 6.183836629267377205e+00 6.480967853256800026e+00
2.758497358640030761e-01 9.637698319310969985e-01 1.567374598020313980e+00 1.710035501590450036e+00 1.831081597549545359e+00 2.456528550799367938e+00 3.001094502871445080e+00 4.711548521250024990e+00 4.846940153303676446e+00 5.980322478376884909e+00 6.148103726949448067e+00 6.188600784510086328e+00 6.485654667627156478e+00
2.773856258157825772e-01 9.443097391789158079e-01 1.575359459809936746e+00 1.687054205215678948e+00 1.804099176197285992e+00 2.444855201600261818e+00 2.982029261234633299e+00 4.705523549123867610e+00 4.846276025033401602e+00 5.994973263576405031e+00 6.168344513210817226e+00 6.193443456714037509e+00 6.490417522517520688e+00
2.789215157675620782e-01 9.247408790964719572e-01 1.577610730320223587e+00 1.668815663655257131e+00 1.777023920162374315e+00 2.431914461278131601e+00 2.962870664356346939e+00 4.700259615975603822e+00 4.845849877451792409e+00 6.009464755214650289e+00 6.188262989041253270e+00 6.198358511417890071e+00 6.495250931594505062e+00
2.804574057193415793e-01 9.050775893785153459e-01 1.570824992675667664e+00 1.658537992872809896e+00 1.749877522423318954e+00 2.417682462459369575e+00 2.943704208748838980e+00 4.695765148213856044e+00 4.845662623344440867e+00 6.023782336186772390e+00 6.203339711103812881e+00 6.207849242193079320e+00 6.500149330609187537e+00
2.819932956711210803e-01 8.853338818302493030e-01 1.554617766115773847e+00 1.656514695094908340e+00 1.722680374406191817e+00 2.402141375906435172e+00 2.924622068539765252e+00 4.692044115300545215e+00 4.845713942298184307e+00 6.037912370540216678e+00 6.208380729220326799e+00 6.227094095351492165e+00 6.505107088816556526e+00
2.835291856229005814e-01 8.655234410593021233e-01 1.532304993527794590e+00 1.659333354220958956e+00 1.695451725215844307e+00 2.385279303335667400e+00 2.905722851888814517e+00 4.689096011412438259e+00 4.846002344423825825e+00 6.051842174060089619e+00 6.213475163466706697e+00 6.245989080136216565e+00 6.510118519578387719e+00
2.850650755746800824e-01 8.456596212084610542e-01 1.506853779961982109e+00 1.663925340433721534e+00 1.668209820955782074e+00 2.367090125523289679e+00 2.887111096150460021e+00 4.686915905668679549e+00 4.846525237081295678e+00 6.065559984221408740e+00 6.218616548379901410e+00 6.264526412009488787e+00 6.515177890174636666e+00
2.866009655264595835e-01 8.257554406810575509e-01 1.479782759362733069e+00 1.640972028357979173e+00 1.668666214227927824e+00 2.347573304719424936e+00 2.868896435281078627e+00 4.685494558004530852e+00 4.847278993474731124e+00 6.079054929801041673e+00 6.223798367266920373e+00 6.282698966087843395e+00 6.520279430850282942e+00
2.881368554782390845e-01 8.058235748412716504e-01 1.451801206375911368e+00 1.613754946078761687e+00 1.672737778404199238e+00 2.326733643448281263e+00 2.851192374935549445e+00 4.684818595593988277e+00 4.848259022110092076e+00 6.092317000382401204e+00 6.229014063526469691e+00 6.300500253844539600e+00 6.525417343125615055e+00
2.896727454300185856e-01 7.858763466989966417e-01 1.423259893597339731e+00 1.586574506346731139e+00 1.675678831252772172e+00 2.304581004305066294e+00 2.834114622411652906e+00 4.684870742884761796e+00 4.849459836237723920e+00 6.105337015934842348e+00 6.234257051403773175e+00 6.317924400681034669e+00 6.530585807398526121e+00
2.912086353817980866e-01 7.659257156132260880e-01 1.394347824521680490e+00 1.559446069129044155e+00 1.677190519353769504e+00 2.281129997316334368e+00 2.817778943395598201e+00 4.685630096903770969e+00 4.850875122532877448e+00 6.118106596606352809e+00 6.239520726221590152e+00 6.334966124339135085e+00 6.535778989867277566e+00
2.927445253335775877e-01 7.459832640701596906e-01 1.365175539462367249e+00 1.532384510577558867e+00 1.677055581244350391e+00 2.256399642791109272e+00 2.802298557517866495e+00 4.687072438574359623e+00 4.852497808395187739e+00 6.130618132831553879e+00 6.244798474129185983e+00 6.351620714120117306e+00 6.540991048801967800e+00
2.942804152853570887e-01 7.260601826139992943e-01 1.335812519854066460e+00 1.505404307200786995e+00 1.675103890048094568e+00 2.230413018369764355e+00 2.787781139637099059e+00 4.689170570370124302e+00 4.854320127370684190e+00 6.142864755826530576e+00 6.250083681409057235e+00 6.367884010873233080e+00 6.546216140192087529e+00
2.958163052371365898e-01 7.061672530298517270e-01 1.306305240534629597e+00 1.478519616960248584e+00 1.671197613604009646e+00 2.203196899223826222e+00 2.774325559041867173e+00 4.691894670688151692e+00 4.856333682314832423e+00 6.154840308516446257e+00 6.255369743378918379e+00 6.383752387712954501e+00 6.551448422796711135e+00
2.973521951889160908e-01 6.863148299012458153e-01 1.276686492234019976e+00 1.451744358294984050e+00 1.665225171705236873e+00 2.174781400147210331e+00 2.762018554964308592e+00 4.695212655798181700e+00 4.858529506020427213e+00 6.166539316920958136e+00 6.260650072923880316e+00 6.399222731422320898e+00 6.556682062622835261e+00
2.988880851406955919e-01 6.665128206899119112e-01 1.246980490577298095e+00 1.425092287924346390e+00 1.657099222509754277e+00 2.145199627701560363e+00 2.750931600184351122e+00 4.699090541033373647e+00 4.860898119129048567e+00 6.177956962005439756e+00 6.265918108690875066e+00 6.414292424498477807e+00 6.561911236856180274e+00
3.004239750924750929e-01 6.467706645152134781e-01 1.217205823432105261e+00 1.398577078155642139e+00 1.646756349373750705e+00 2.114487349737891542e+00 2.741118229717365296e+00 4.703492793941070005e+00 4.863429585228424834e+00 6.189089051992112900e+00 6.271167322974436686e+00 6.428959327795778833e+00 6.567130137267681356e+00
3.019598650442545940e-01 6.270973098455540073e-01 1.187377228306033317e+00 1.372212394323519824e+00 1.634157194733340424e+00 2.082682688616572353e+00 2.732612096264402712e+00 4.708382673313980860e+00 4.866113563110175733e+00 6.199931995114520866e+00 6.276391229319815857e+00 6.443221763721678208e+00 6.572332973117795518e+00
3.034957549960340950e-01 6.075011913577218481e-01 1.157506706354539450e+00 1.346011972905012399e+00 1.619286332885185420e+00 2.049825843383871860e+00 2.725425953970638027e+00 4.713722549286382346e+00 4.868939356223370041e+00 6.210482772790347106e+00 6.281583389866312928e+00 6.457078499940950955e+00 6.577513973579717899e+00
3.050316449478135961e-01 5.879902062741232394e-01 1.127604244663478417e+00 1.319989700782593367e+00 1.602151506281374260e+00 2.015958845117548748e+00 2.719551674125451513e+00 4.719474200930295460e+00 4.871895959409432209e+00 6.220738913181603991e+00 6.286737422450596746e+00 6.470528733544329114e+00 6.582667389701864380e+00
3.065675348995930971e-01 5.685716905564331958e-01 1.097678298870397473e+00 1.294159696062882725e+00 1.582782087391311654e+00 1.981125348694712907e+00 2.714961278565460656e+00 4.725599088963380545e+00 4.874972103043765159e+00 6.230698465106837780e+00 6.291847007486676802e+00 6.483572075638601717e+00 6.587787495929236847e+00
3.081034248513725982e-01 5.492523954215714488e-01 1.067736124515770824e+00 1.268536390796190405e+00 1.561226805880939539e+00 1.945370463411348894e+00 2.711608862491363237e+00 4.732058602240540424e+00 4.878156294740080945e+00 6.240359972267690125e+00 6.296905894636250167e+00 6.496208536316205873e+00 6.592868591202968531e+00
3.096393148031520992e-01 5.300384647575293595e-01 1.037784010248089084e+00 1.243134615877569349e+00 1.537550903908717626e+00 1.908740624230101046e+00 2.709433190609090936e+00 4.738814277617341197e+00 4.881436858795389355e+00 6.249722447750971632e+00 6.301907909280293651e+00 6.508438509963699659e+00 6.597904999657311365e+00
3.111752047549316003e-01 5.109354141597658439e-01 1.007827445773401553e+00 1.217969688339243239e+00 1.511832949718105557e+00 1.871283504971518186e+00 2.708360703347423293e+00 4.745827993533328737e+00 4.884801973568072775e+00 6.258785348767652579e+00 6.306846958800004010e+00 6.520262760869671048e+00 6.602891070933504913e+00
3.127110947067111013e-01 4.919481124929091509e-01 9.778712454605276161e-01 1.193057501162310574e+00 1.484161555134647204e+00 1.833047974504661060e+00 2.708308666449796842e+00 4.753062138265537584e+00 4.888239706989216060e+00 6.267548551591671568e+00 6.311717038672838953e+00 6.531682409093991559e+00 6.607821180130812877e+00
3.142469846584906024e-01 4.730807671186942898e-01 9.479196412176322806e-01 1.168414615637810572e+00 1.454632216891690089e+00 1.794084096938266759e+00 2.709188230216826199e+00 4.760479754255243279e+00 4.891738050409384364e+00 6.276012326663648722e+00 6.316512238386982503e+00 6.542698916561521472e+00 6.612689727416112717e+00
3.157828746102701034e-01 4.543369142352369217e-01 9.179763536990862560e-01 1.144058356188567993e+00 1.423344450346870182e+00 1.754443176962610984e+00 2.710907220599738210e+00 4.768044660227929832e+00 4.895284950980124172e+00 6.284177313827975730e+00 6.321226747175737515e+00 6.553314073344369994e+00 6.617491137315298921e+00
3.173187645620496045e-01 4.357194161636809837e-01 8.880446479874264387e-01 1.120006907416678743e+00 1.390399322924495085e+00 1.714177851841302003e+00 2.713372548492640313e+00 4.775721553025173094e+00 4.898868342762280115e+00 6.292044497675562731e+00 6.325854859571673039e+00 6.563529984097473680e+00 6.622219857712192237e+00
3.188546545138291055e-01 4.172304679208721501e-01 8.581273779941842594e-01 1.096279412962722910e+00 1.355897436224806407e+00 1.673342232099913396e+00 2.716492183878198130e+00 4.783476091166648736e+00 4.902476176742761815e+00 6.299615182969096949e+00 6.330390980779180055e+00 6.573349054612560138e+00 6.626870358584036502e+00
3.203905444656086066e-01 3.988716160643239195e-01 8.282270225575147915e-01 1.072896075543393835e+00 1.319937358092434287e+00 1.631992093705657343e+00 2.720176690408655507e+00 4.791274962179818964e+00 4.906096449927992431e+00 6.306890970132546848e+00 6.334829631863322597e+00 6.582773978455004560e+00 6.631437130506987465e+00
3.219264344173881076e-01 3.806437936270657407e-01 7.983457153578994436e-01 1.049878257268816117e+00 1.282614472252619819e+00 1.590185125483905004e+00 2.724340350559570023e+00 4.799085935691832283e+00 4.909717233666627934e+00 6.313873730791902616e+00 6.339165454752856199e+00 6.591807723646742723e+00 6.635914682970645906e+00
3.234623243691676087e-01 3.625473760306842652e-01 7.684852701832114441e-01 1.027248579022229658e+00 1.244020193101816441e+00 1.547981236684955242e+00 2.728901932122238083e+00 4.806877904189174266e+00 4.913326701336875324e+00 6.320565583359424089e+00 6.343393217055682598e+00 6.600453519355740539e+00 6.640297542547885179e+00
3.249982143209471097e-01 3.445822642391411228e-01 7.386472026629568033e-01 1.005031017307775887e+00 1.204241484533817630e+00 1.505442931012960450e+00 2.733785155935588129e+00 4.814620913229145316e+00 4.916913155515048039e+00 6.326968868658895850e+00 6.347507816686567494e+00 6.608714842547953161e+00 6.644580250975358204e+00
3.265341042727266108e-01 3.267480031786836880e-01 7.088327492993177215e-01 9.832509965324705004e-01 1.163360621191633193e+00 1.462635755080520239e+00 2.738918925559947759e+00 4.822286182745453509e+00 4.920465054722495957e+00 6.333086125594288518e+00 6.351504286308935932e+00 6.616595404551247839e+00 6.648757363211884375e+00
3.280699942245061118e-01 3.090439457066079809e-01 6.790428844137497144e-01 9.619354741852278456e-01 1.121455135256721247e+00 1.419628831180721251e+00 2.744237375102094312e+00 4.829846120937131282e+00 4.923971039828015428e+00 6.338920066868809933e+00 6.355377797596149847e+00 6.624099137470715881e+00 6.652823445556617976e+00
3.296058841762856129e-01 2.914694752877166617e-01 6.492783354758113745e-01 9.411130158112172017e-01 1.078597899365651092e+00 1.376495486497597120e+00 2.749679784094486212e+00 4.837274332073327798e+00 4.927419960162560564e+00 6.344473554764873846e+00 6.359123665321835261e+00 6.631230180381344042e+00 6.656773073928066609e+00
3.311417741280651139e-01 2.740243041848757222e-01 6.195395971693888892e-01 9.208138560638620129e-01 1.034857304702710978e+00 1.333313993421706645e+00 2.755190400005036899e+00 4.844545619391557700e+00 4.930800899382814073e+00 6.349749576998598322e+00 6.362737351294583732e+00 6.637992865204952686e+00 6.660600832428981377e+00
3.326776640798446150e-01 2.567088685538150838e-01 5.898269444688936103e-01 9.010699414649390171e-01 9.902975016091161153e-01 1.290168438494570191e+00 2.760718200764890717e+00 4.851635984118296108e+00 4.934103201100438874e+00 6.354751222664231314e+00 6.366214468159204110e+00 6.644391702153096269e+00 6.664301312352949758e+00
3.342135540316241160e-01 2.395248475205018213e-01 5.601404449361295779e-01 8.819149498437536261e-01 9.449786775308234299e-01 1.247149740624532432e+00 2.766216622303649064e+00 4.858522621500347860e+00 4.937316494274301526e+00 6.359481658284663830e+00 6.369550783094607205e+00 6.650431364583720750e+00 6.667869111827286588e+00
3.357494439834036171e-01 2.224758402418995640e-01 5.304799704015815687e-01 8.633842807988126866e-01 8.989573535084076639e-01 1.204356842461327792e+00 2.771643269768234497e+00 4.865183914605919924e+00 4.940430718344634542e+00 6.363944103984050749e+00 6.372742221447515121e+00 6.656116673075587187e+00 6.671298836335835425e+00
3.372853339351831181e-01 2.055682431271173283e-01 5.008452081581927784e-01 8.455150109840174899e-01 8.522866856350539422e-01 1.161898101894699664e+00 2.776959625936811005e+00 4.871599426536000088e+00 4.943436148070468938e+00 6.368141809797403852e+00 6.375784870350599931e+00 6.661452578468042063e+00 6.674585100426204676e+00
3.388212238869626192e-01 1.888123785925871490e-01 4.712356717683606755e-01 8.050167620447572503e-01 8.283458076372892664e-01 1.119892912980707811e+00 2.782130766253158249e+00 4.877749891580227981e+00 4.946323418015372120e+00 6.372078032130635172e+00 6.378674982383421010e+00 6.666444143543080791e+00 6.677722530981229809e+00
3.403571138387421202e-01 1.722239362066872448e-01 4.416507115636483238e-01 7.571948891795173830e-01 8.119167936281976861e-01 1.078473586137448592e+00 2.787125086765011694e+00 4.883617205756814350e+00 4.949083546611594109e+00 6.375756010383350159e+00 6.381408979343206944e+00 6.671096522940054285e+00 6.680705772524725639e+00
3.418930037905216213e-01 1.558257951816551801e-01 4.120895248998573956e-01 7.088658634792630586e-01 7.962693575020586279e-01 1.037787514295898550e+00 2.791914048895666856e+00 4.889184417092785395e+00 4.951707959719441554e+00 6.379178943746669717e+00 6.383983456199447737e+00 6.675414940790960650e+00 6.683529495137586096e+00
3.434288937423011223e-01 1.396503006003904368e-01 3.825511662171313665e-01 6.600722263967871983e-01 7.814459026475714110e-01 9.979996415605059124e-01 2.796471943258338033e+00 4.894435715928311836e+00 4.954188513586919917e+00 6.382349968191000755e+00 6.386395185309741152e+00 6.679404665448624989e+00 6.686188405678708868e+00
3.449647836940806234e-01 1.237420585387673244e-01 3.530345569438662623e-01 6.108545018996304199e-01 7.674895309180693737e-01 9.592952283091662480e-01 2.800775673500114582e+00 4.899356425466475429e+00 4.956517517105081261e+00 6.385272133665150562e+00 6.388641120972835097e+00 6.683070980558411200e+00 6.688677263128960604e+00
3.465006736458601244e-01 1.081612871741820525e-01 3.235384952743878273e-01 5.612514164995016097e-01 7.544436578817139694e-01 9.218828625963045864e-01 2.804804560320434792e+00 4.903932992736780960e+00 4.958687753246725727e+00 6.387948381540391907e+00 6.390718404386455553e+00 6.686419151611018741e+00 6.690990898990966329e+00
3.480365635976396255e-01 9.298769587803983050e-02 2.940616658422890994e-01 5.113001024425776198e-01 7.423515594184135757e-01 8.859975884380327793e-01 2.808540165253152754e+00 4.908152980095906059e+00 4.960692499570412473e+00 6.390381522352352128e+00 6.392624369060846412e+00 6.689454387034262872e+00 6.693124243757702985e+00
3.495724535494191265e-01 7.832473860132579957e-02 2.646026493029789983e-01 4.610362850759768816e-01 7.312558526212094012e-01 8.519038874936574190e-01 2.811966133456337058e+00 4.912005057352423876e+00 4.962525547668398040e+00 6.392574213921403903e+00 6.394356546712248068e+00 6.692181792873230783e+00 6.695072360471100659e+00
3.511083435011986276e-01 6.430387148471713998e-02 2.351599318272222516e-01 4.104944556349534590e-01 7.211979178221332720e-01 8.198980378395279711e-01 2.815068054561783661e+00 4.915478994572045401e+00 4.964181221435860714e+00 6.394528939968524561e+00 6.395912673623755040e+00 6.694606320223184248e+00 6.696830486275690220e+00
3.526442334529781286e-01 5.108810812654493438e-02 2.057319144892630347e-01 3.597080308138119187e-01 7.122172728780257200e-01 7.903090614263280633e-01 2.817833340553053567e+00 4.918565655596098374e+00 4.965654394039896502e+00 6.396247989388350597e+00 6.397290697414657501e+00 6.696732704881422471e+00 6.698394082568584373e+00
3.541801234047576297e-01 3.887369963624391633e-02 1.763169224891201758e-01 3.087095005150703453e-01 7.043509153469319495e-01 7.634970648602972254e-01 2.820251119633302661e+00 4.921256992287519338e+00 4.966940503470028467e+00 6.397733436390973694e+00 6.398488784105487603e+00 6.698565399236086293e+00 6.699758893792040482e+00
3.557160133565371307e-01 2.788821219085163908e-02 1.469132140343971382e-01 2.575305651156283848e-01 6.976326524902292103e-01 7.398473490644714712e-01 2.822312145088611501e+00 4.923546039504972605e+00 4.968035566557531091e+00 6.398987121776006148e+00 6.399505325309356785e+00 6.700108497255462758e+00 6.700921014065646553e+00
3.572519033083166318e-01 1.838272484899665035e-02 1.175189883407804364e-01 2.062022633588933007e-01 6.920924427026052816e-01 7.197584159901541101e-01 2.824008718231270976e+00 4.925426910796378621e+00 4.968936191358517718e+00 6.400010635649788782e+00 6.400338945325782625e+00 6.701365654570412111e+00 6.701876959721166038e+00
3.587877932600961328e-01 1.061510303125332011e-02 8.813239074561654562e-02 1.547550911124442319e-01 6.877557745230072905e-01 7.036223133987541400e-01 2.825334624608234702e+00 4.926894794797155974e+00 4.969639587805252390e+00 6.400805301932790847e+00 6.400988507869037392e+00 6.702340006959288665e+00 6.702623744480993295e+00
3.603236832118756339e-01 4.815885232288853735e-03 5.875150488992518516e-02 1.032191066126240120e-01 6.846431103715642230e-01 6.917971047527310402e-01 2.826285082774357083e+00 4.927945952315862854e+00 4.970143576541613761e+00 6.401372165021630423e+00 6.401453122135878360e+00 6.703034091840825326e+00 6.703158952718310637e+00
3.618595731636551349e-01 1.015109850492664292e-03 2.937424152573739344e-02 5.162397203353823183e-02 6.827694212508849114e-01 6.845738581169232839e-01 2.826856705052224417e+00 4.928577714089517059e+00 4.970446595871552020e+00 6.401711978962874916e+00 6.401732147914273696e+00 6.703449778350842436e+00 6.703480805260146447e+00
3.633954631154346360e-01 -8.767454146852073516e-04 -2.061714093801873576e-04 -2.061714017534212228e-04 6.821438356882071341e-01 6.821438356882157938e-01 2.827047469826917681e+00 4.928788479192926175e+00 4.970547706763821516e+00 6.401825199459172389e+00 6.401825199459175941e+00 6.703588211882656189e+00 6.703588211882657966e+00
