# frequency_THz total_states_per_THz_per_atom In_contribution Se_contribution
-5.000000000000000000e-01 8.158271582674807833e-09 4.829607163915673253e-09 3.328664418759131271e-09
-4.799999999999999822e-01 2.272098808374517299e-08 1.345026555256538729e-08 9.270722531179798933e-09
-4.599999999999999645e-01 6.091089682299725105e-08 3.605685705038428641e-08 2.485403977261296133e-08
-4.399999999999999467e-01 1.572041303966858624e-07 9.305617611435746768e-08 6.414795428232843441e-08
-4.199999999999999289e-01 3.906634703519019752e-07 2.312445339005955823e-07 1.594189364513064988e-07
-3.999999999999999112e-01 9.349476687765789192e-07 5.534040440233098414e-07 3.815436247532690249e-07
-3.799999999999998934e-01 2.155267323813102163e-06 1.275678746935869448e-06 8.795885768772337742e-07
-3.599999999999998757e-01 4.786708582622190014e-06 2.833093805935908625e-06 1.953614776686280118e-06
-3.399999999999998579e-01 1.024466213674212729e-05 6.063227381064861482e-06 4.181434755677265812e-06
-3.199999999999998401e-01 2.113476431267550856e-05 1.250789182583267788e-05 8.626872486842835768e-06
-2.999999999999998224e-01 4.204009257387519860e-05 2.487876713851951214e-05 1.716132543535568307e-05
-2.799999999999998046e-01 8.065636054394205445e-05 4.772874239153641689e-05 3.292761815240567822e-05
-2.599999999999997868e-01 1.493074225961007714e-04 8.834791190816493290e-05 6.095951068793583168e-05
-2.399999999999997691e-01 2.667904949295230770e-04 1.578540362123187577e-04 1.089364587172043193e-04
-2.199999999999997513e-01 4.603686572129549095e-04 2.723691815971705766e-04 1.879994756157845226e-04
-1.999999999999997335e-01 7.675607692961742114e-04 4.540751246293595316e-04 3.134856446668148966e-04
-1.799999999999997158e-01 1.237214193661353599e-03 7.318426331612559732e-04 5.053715605000974088e-04
-1.599999999999996980e-01 1.929246073408920565e-03 1.141070886716971005e-03 7.881751866919495600e-04
-1.399999999999996803e-01 2.912477322513482621e-03 1.722396266151170717e-03 1.190081056362312772e-03
-1.199999999999996625e-01 4.260216430691252457e-03 2.519067947498923338e-03 1.741148483192329335e-03
-9.999999999999964473e-02 6.043684379393074804e-03 3.573045098639504071e-03 2.470639280753571601e-03
-7.999999999999962697e-02 8.323939067408381645e-03 4.920206465972068108e-03 3.403732601436315272e-03
-5.999999999999960920e-02 1.114351372570825463e-02 6.585392464758678399e-03 4.558121260949573629e-03
-3.999999999999959144e-02 1.451934349266800588e-02 8.578212753779956845e-03 5.941130738888057705e-03
-1.999999999999957367e-02 1.843855438903480373e-02 1.089055203651273160e-02 7.548002352522066929e-03
4.440892098500626162e-16 2.285825871738507431e-02 1.349645170352091472e-02 9.361807013864169996e-03
2.000000000000046185e-02 2.770970761590277331e-02 1.635457479285332139e-02 1.135513282304943458e-02
4.000000000000047962e-02 3.290619448671591729e-02 1.941289473445453884e-02 1.349329975226138886e-02
6.000000000000049738e-02 3.835325279953702426e-02 2.261474469413407226e-02 1.573850810540294853e-02
8.000000000000051514e-02 4.395919608883683966e-02 2.590507075675913679e-02 1.805412533207773410e-02
1.000000000000005329e-01 4.964404471872010255e-02 2.923573031975998382e-02 2.040831439896008404e-02
1.200000000000005507e-01 5.534535779362138169e-02 3.256895775153755695e-02 2.277640004208383862e-02
1.400000000000005684e-01 6.102028602147851338e-02 3.587859171758928101e-02 2.514169430388925666e-02
1.600000000000005862e-01 6.664405205588916359e-02 3.914918617118929439e-02 2.749486588469990389e-02
1.800000000000006040e-01 7.220581787447036270e-02 4.237357304284932596e-02 2.983224483162101592e-02
2.000000000000006217e-01 7.770334397440346874e-02 4.554970836271511614e-02 3.215363561168831097e-02
2.200000000000006395e-01 8.313790550613683883e-02 4.867766919979350793e-02 3.446023630634327539e-02
2.400000000000006573e-01 8.851062696710444710e-02 5.175748877930955172e-02 3.675313818779491620e-02
2.600000000000006750e-01 9.382083622324019490e-02 5.478818443576019548e-02 3.903265178748004799e-02
2.800000000000006928e-01 9.906638752004497117e-02 5.776794661531432784e-02 4.129844090473065027e-02
3.000000000000007105e-01 1.042453520595747890e-01 6.069512969088992904e-02 4.355022236868480445e-02
3.200000000000007283e-01 1.093581873041365726e-01 6.356951394244921005e-02 4.578867336168741808e-02
3.400000000000007461e-01 1.144095566488518706e-01 6.639334278984390658e-02 4.801621385900793626e-02
3.600000000000007638e-01 1.194093474715110514e-01 6.917186166094388411e-02 5.023748581056712570e-02
3.800000000000007816e-01 1.243729783316314813e-01 7.191340681354589648e-02 5.245957151808561258e-02
4.000000000000007994e-01 1.293215707304543050e-01 7.462938194525786662e-02 5.469218878519650773e-02
4.200000000000008171e-01 1.342827641571989750e-01 7.733458643876887917e-02 5.694817771843002641e-02
4.400000000000008349e-01 1.392927389094509028e-01 8.004824182003925093e-02 5.924449708941179060e-02
4.600000000000008527e-01 1.443993949213202288e-01 8.279571157235676715e-02 6.160368334896336451e-02
4.800000000000008704e-01 1.496658019509928272e-01 8.561043162720349819e-02 6.405537032378935680e-02
5.000000000000008882e-01 1.551723000652213136e-01 8.853514544817014942e-02 6.663715461705124743e-02
5.200000000000009059e-01 1.610153323084232424e-01 9.162136478067867129e-02 6.939396752774448784e-02
5.400000000000009237e-01 1.673014782834015002e-01 9.492619224120005250e-02 7.237528604220155870e-02
5.600000000000009415e-01 1.741362590346929862e-01 9.850625861003944883e-02 7.563000042465350958e-02
5.800000000000009592e-01 1.816088636140508195e-01 1.024094076754465676e-01 7.919945593860425181e-02
6.000000000000009770e-01 1.897755436277224483e-01 1.066656413720515895e-01 8.310990225567083112e-02
6.200000000000009948e-01 1.986454837658560013e-01 1.112794100052618140e-01 8.736607376059431218e-02
6.400000000000010125e-01 2.081730415554793601e-01 1.162253550926900247e-01 9.194768646278941859e-02
6.600000000000010303e-01 2.182592068590095691e-01 1.214490109485048264e-01 9.681019591050495088e-02
6.800000000000010481e-01 2.287631924330897348e-01 1.268728847856503972e-01 1.018903076474395042e-01
7.000000000000010658e-01 2.395227940631740882e-01 1.324070841376271401e-01 1.071157099255470035e-01
7.200000000000010836e-01 2.503802517123979721e-01 1.379626356242251439e-01 1.124176160881727310e-01
7.400000000000011013e-01 2.612093652323331794e-01 1.434651513435660219e-01 1.177442138887671297e-01
7.600000000000011191e-01 2.719397629441813735e-01 1.488666520601268917e-01 1.230731108840545929e-01
7.800000000000011369e-01 2.825752331991989719e-01 1.541540043601847820e-01 1.284212288390142453e-01
8.000000000000011546e-01 2.932043357191796429e-01 1.593532495740506982e-01 1.338510861451291389e-01
8.200000000000011724e-01 3.040025197501771137e-01 1.645297554678173402e-01 1.394727642823598845e-01
8.400000000000011902e-01 3.152253989294448444e-01 1.697844203409562547e-01 1.454409785884888118e-01
8.600000000000012079e-01 3.271928469762312441e-01 1.752461607050698755e-01 1.519466862711616462e-01
8.800000000000012257e-01 3.402637411912730614e-01 1.810608787970683919e-01 1.592028623942043919e-01
9.000000000000012434e-01 3.548020999003578257e-01 1.873773387699976256e-01 1.674247611303601724e-01
9.200000000000012612e-01 3.711372850523686484e-01 1.943310307437926543e-01 1.768062543085757166e-01
9.400000000000012790e-01 3.895234947724817154e-01 2.020280391029214417e-01 1.874954556695603292e-01
9.600000000000012967e-01 4.101059864252353249e-01 2.105317619176272359e-01 1.995742245076084220e-01
9.800000000000013145e-01 4.329021607920540693e-01 2.198555629605197792e-01 2.130465978315342346e-01
1.000000000000001332e+00 4.578039400759192912e-01 2.299637317240738055e-01 2.278402083518450971e-01
1.020000000000001350e+00 4.846037181616099088e-01 2.407814739010262772e-01 2.438222442605839091e-01
1.040000000000001368e+00 5.130404244649772183e-01 2.522124339451260466e-01 2.608279905198513382e-01
1.060000000000001386e+00 5.428564740790580156e-01 2.641600965699809622e-01 2.786963775090774420e-01
1.080000000000001403e+00 5.738522458119705849e-01 2.765479700413158159e-01 2.973042757706546579e-01
1.100000000000001421e+00 6.059234406489558689e-01 2.893331415017509345e-01 3.165902991472051009e-01
1.120000000000001439e+00 6.390686395694913369e-01 3.025086999074331207e-01 3.365599396620578831e-01
1.140000000000001457e+00 6.733592692125448531e-01 3.160924495218574437e-01 3.572668196906875204e-01
1.160000000000001474e+00 7.088712181801117840e-01 3.301019557290023609e-01 3.787692624511096451e-01
1.180000000000001492e+00 7.455855850502899340e-01 3.445189307611011831e-01 4.010666542891888620e-01
1.200000000000001510e+00 7.832744220108668332e-01 3.592489230667739175e-01 4.240254989440930267e-01
1.220000000000001528e+00 8.213944956117282814e-01 3.740847484316880966e-01 4.473097471800405178e-01
1.240000000000001545e+00 8.590161761787333816e-01 3.886834235246392488e-01 4.703327526540939107e-01
1.260000000000001563e+00 8.948134975586506945e-01 4.025657554865227361e-01 4.922477420721289021e-01
1.280000000000001581e+00 9.271336270927196255e-01 4.151446407238335023e-01 5.119889863688860121e-01
1.300000000000001599e+00 9.541494850878173839e-01 4.257826201570200642e-01 5.283668649307970977e-01
1.320000000000001616e+00 9.740804941960135022e-01 4.338723609447116547e-01 5.402081332513021250e-01
1.340000000000001634e+00 9.854481389326191776e-01 4.389273558998987301e-01 5.465207830327205585e-01
1.360000000000001652e+00 9.873208234345294265e-01 4.406663570112675510e-01 5.466544664232618755e-01
1.380000000000001670e+00 9.795008406776030130e-01 4.390753410756119135e-01 5.404254996019912660e-01
1.400000000000001688e+00 9.626162499755627211e-01 4.344351943628739776e-01 5.281810556126885770e-01
1.420000000000001705e+00 9.380991927424396915e-01 4.273102871305622941e-01 5.107889056118775084e-01
1.440000000000001723e+00 9.080537558773206230e-01 4.185002273274008866e-01 4.895535285499197364e-01
1.460000000000001741e+00 8.750345606886961169e-01 4.089620890119400332e-01 4.660724716767562503e-01
1.480000000000001759e+00 8.417677978366129299e-01 3.997123902360504299e-01 4.420554076005628330e-01
1.500000000000001776e+00 8.108493256663095172e-01 3.917178920178222001e-01 4.191314336484870395e-01
1.520000000000001794e+00 7.844528773808023825e-01 3.857839169441780180e-01 3.986689604366245865e-01
1.540000000000001812e+00 7.640793808061587811e-01 3.824501574471537158e-01 3.816292233590049543e-01
1.560000000000001830e+00 7.503777716997487301e-01 3.819070863703964425e-01 3.684706853293518436e-01
1.580000000000001847e+00 7.430666761832511735e-01 3.839491901493659043e-01 3.591174860338852692e-01
1.600000000000001865e+00 7.409803719355183560e-01 3.879810585619329899e-01 3.529993133735853661e-01
1.620000000000001883e+00 7.422472646065094715e-01 3.930861133764801396e-01 3.491611512300296649e-01
1.640000000000001901e+00 7.445844143275567317e-01 3.981551170903196990e-01 3.464292972372369217e-01
1.660000000000001918e+00 7.456628783013631301e-01 4.020556194594095967e-01 3.436072588419535334e-01
1.680000000000001936e+00 7.434757220214879281e-01 4.038097799287458378e-01 3.396659420927421458e-01
1.700000000000001954e+00 7.366336713094864264e-01 4.027423744799095706e-01 3.338912968295765782e-01
1.720000000000001972e+00 7.245278815778608550e-01 3.985665261220754374e-01 3.259613554557855286e-01
1.740000000000001990e+00 7.073324559464119199e-01 3.913907153574817110e-01 3.159417405889305419e-01
1.760000000000002007e+00 6.858607722442364718e-01 3.816516925421474804e-01 3.042090797020883253e-01
1.780000000000002025e+00 6.613254673821049590e-01 3.699967572603544141e-01 2.913287101217505448e-01
1.800000000000002043e+00 6.350704405330541702e-01 3.571492447257329506e-01 2.779211958073207756e-01
1.820000000000002061e+00 6.083398048823059900e-01 3.437902520774190340e-01 2.645495528048871781e-01
1.840000000000002078e+00 5.821270371121524123e-01 3.304792803403275303e-01 2.516477567718250485e-01
1.860000000000002096e+00 5.571174027797468620e-01 3.176214205826172199e-01 2.394959821971295033e-01
1.880000000000002114e+00 5.337093101927241623e-01 3.054747253047484512e-01 2.282345848879756833e-01
1.900000000000002132e+00 5.120837468411497673e-01 2.941827633085358773e-01 2.179009835326135291e-01
1.920000000000002149e+00 4.922880062065614348e-01 2.838155387388842654e-01 2.084724674676772527e-01
1.940000000000002167e+00 4.743078202521398001e-01 2.744057010775685090e-01 1.999021191745716242e-01
1.960000000000002185e+00 4.581150432043078480e-01 2.659734168045669311e-01 1.921416263997408613e-01
1.980000000000002203e+00 4.436903260134421045e-01 2.585394244189762047e-01 1.851509015944657333e-01
2.000000000000002220e+00 4.310279476678646193e-01 2.521296565471904394e-01 1.788982911206742354e-01
2.020000000000002238e+00 4.201320769548415046e-01 2.467757961662951638e-01 1.733562807885461188e-01
2.040000000000002256e+00 4.110114360117846366e-01 2.425148211985929669e-01 1.684966148131913088e-01
2.060000000000002274e+00 4.036749498575387674e-01 2.393881770417467802e-01 1.642867728157920704e-01
2.080000000000002292e+00 3.981268279484702077e-01 2.374389558344426054e-01 1.606878721140274635e-01
2.100000000000002309e+00 3.943573001769795638e-01 2.367043241879889237e-01 1.576529759889910287e-01
2.120000000000002327e+00 3.923256989921395377e-01 2.372009719692205754e-01 1.551247270229187403e-01
2.140000000000002345e+00 3.919356794309910574e-01 2.389036363469687063e-01 1.530320430840222401e-01
2.160000000000002363e+00 3.930072985927611229e-01 2.417203766183561031e-01 1.512869219744049087e-01
2.180000000000002380e+00 3.952559743999380926e-01 2.454722919811811455e-01 1.497836824187568916e-01
2.200000000000002398e+00 3.982920344122117262e-01 2.498883557350819740e-01 1.484036786771300298e-01
2.220000000000002416e+00 4.016545281096642883e-01 2.546263308767247602e-01 1.470281972329395836e-01
2.240000000000002434e+00 4.048876149336526065e-01 2.593269879157456548e-01 1.455606270179070072e-01
2.260000000000002451e+00 4.076569210797343357e-01 2.637007183107467623e-01 1.439562027689876011e-01
2.280000000000002469e+00 4.098885570083836694e-01 2.676343380696623031e-01 1.422542189387213107e-01
2.300000000000002487e+00 4.118988359635242236e-01 2.712942686055739294e-01 1.406045673579505995e-01
2.320000000000002505e+00 4.144732092159524872e-01 2.751942926085177432e-01 1.392789166074347718e-01
2.340000000000002522e+00 4.188533228570659461e-01 2.801955185177990026e-01 1.386578043392666937e-01
2.360000000000002540e+00 4.266041276433501506e-01 2.874153396426580298e-01 1.391887880006922873e-01
2.380000000000002558e+00 4.393579517215340235e-01 2.980407339774497899e-01 1.413172177440845390e-01
2.400000000000002576e+00 4.584648694634779753e-01 3.130659494918550112e-01 1.453989199716232972e-01
2.420000000000002593e+00 4.846109267654795105e-01 3.329997301136521370e-01 1.516111966518274845e-01
2.440000000000002611e+00 5.174886494257379121e-01 3.576057961462997259e-01 1.598828532794381307e-01
2.460000000000002629e+00 5.556092915132374577e-01 3.857457688855225331e-01 1.698635226277150911e-01
2.480000000000002647e+00 5.963281607647499261e-01 4.153818642570012987e-01 1.809462965077492380e-01
2.500000000000002665e+00 6.361132451384915454e-01 4.437671925221918778e-01 1.923460526162992790e-01
2.520000000000002682e+00 6.710303652274969277e-01 4.678091991038084152e-01 2.032211661236880684e-01
2.540000000000002700e+00 6.973589602085870087e-01 4.845464487491588645e-01 2.128125114594286438e-01
2.560000000000002718e+00 7.122089655233883043e-01 4.916434346549630741e-01 2.205655308684252303e-01
2.580000000000002736e+00 7.139971157515999645e-01 4.877945679443661531e-01 2.262025478072342555e-01
2.600000000000002753e+00 7.026685600167625889e-01 4.729439288548360487e-01 2.297246311619265402e-01
2.620000000000002771e+00 6.796124249681136931e-01 4.482698975994388046e-01 2.313425273686750827e-01
2.640000000000002789e+00 6.473004078157655883e-01 4.159421349331733908e-01 2.313582728825928081e-01
2.660000000000002807e+00 6.087502872493242290e-01 3.787149924506810206e-01 2.300352947986423202e-01
2.680000000000002824e+00 5.669574367001328774e-01 3.394586565885872043e-01 2.274987801115460062e-01
2.700000000000002842e+00 5.244339003128020149e-01 3.007361045384272513e-01 2.236977957743750134e-01
2.720000000000002860e+00 4.829494443334727549e-01 2.645099658516807950e-01 2.184394784817921265e-01
2.740000000000002878e+00 4.435001137568138074e-01 2.320188408538909064e-01 2.114812729029229843e-01
2.760000000000002895e+00 4.064622855816082403e-01 2.038137404758038618e-01 2.026485451058044895e-01
2.780000000000002913e+00 3.718460852736630295e-01 1.799077373341725350e-01 1.919383479394903280e-01
2.800000000000002931e+00 3.395522608389478503e-01 1.599751050255486529e-01 1.795771558133993362e-01
2.820000000000002949e+00 3.095583258251184411e-01 1.435409866742591856e-01 1.660173391508593110e-01
2.840000000000002967e+00 2.819995943869260668e-01 1.301224867134579966e-01 1.518771076734684589e-01
2.860000000000002984e+00 2.571516411192143470e-01 1.193071086932884634e-01 1.378445324259260363e-01
2.880000000000003002e+00 2.353491441837431697e-01 1.107756480611627736e-01 1.245734961225803961e-01
2.900000000000003020e+00 2.168860191458712450e-01 1.042887839358404845e-01 1.125972352100307605e-01
2.920000000000003038e+00 2.019350770652948435e-01 9.965900807762659297e-02 1.022760689876685281e-01
2.940000000000003055e+00 1.905090584736928716e-01 9.672484825918914453e-02 9.378421021450362993e-02
2.960000000000003073e+00 1.824668763686397577e-01 9.533658657076024556e-02 8.713028979787953987e-02
2.980000000000003091e+00 1.775553023816490716e-01 9.535534245484322824e-02 8.219995992680605157e-02
3.000000000000003109e+00 1.754697446669791494e-01 9.666247508038665337e-02 7.880726958659262094e-02
3.020000000000003126e+00 1.759175930454048575e-01 9.917413091308711903e-02 7.674346213231758584e-02
3.040000000000003144e+00 1.786713635351498963e-01 1.028556839273350176e-01 7.581567960781492033e-02
3.060000000000003162e+00 1.836037277371947718e-01 1.077316670482855732e-01 7.587206068890905986e-02
3.080000000000003180e+00 1.907004290974057270e-01 1.138876763296644279e-01 7.681275276774121585e-02
3.100000000000003197e+00 2.000493488781536766e-01 1.214612994099589782e-01 7.858804946819494819e-02
3.120000000000003215e+00 2.118051005686314436e-01 1.306196147577931566e-01 8.118548581083817606e-02
3.140000000000003233e+00 2.261297370747192004e-01 1.415218333833189179e-01 8.460790369140017142e-02
3.160000000000003251e+00 2.431126975784770883e-01 1.542678154363092968e-01 8.884488214216793023e-02
3.180000000000003268e+00 2.626775603457646158e-01 1.688366928951554324e-01 9.384086745060932211e-02
3.200000000000003286e+00 2.844889071777679801e-01 1.850241702107158215e-01 9.946473696705206147e-02
3.220000000000003304e+00 3.078778555136878481e-01 2.023910229545938799e-01 1.054868325590940514e-01
3.240000000000003322e+00 3.318071039828668356e-01 2.202372081738634135e-01 1.115698958090033943e-01
3.260000000000003340e+00 3.548934832560152741e-01 2.376143700088536315e-01 1.172791132471614206e-01
3.280000000000003357e+00 3.754972067760993237e-01 2.533838104275164538e-01 1.221133963485830365e-01
3.300000000000003375e+00 3.918735777521736297e-01 2.663180280099178843e-01 1.255555497422563560e-01
3.320000000000003393e+00 4.023681362802627448e-01 2.752338769217052006e-01 1.271342593585575997e-01
3.340000000000003411e+00 4.056244151611096971e-01 2.791371131995951660e-01 1.264873019615142535e-01
3.360000000000003428e+00 4.007683140833285251e-01 2.773540754452328283e-01 1.234142386380953221e-01
3.380000000000003446e+00 3.875362744049365982e-01 2.696276992806080908e-01 1.179085751243285768e-01
3.400000000000003464e+00 3.663249883885544844e-01 2.561614994020888769e-01 1.101634889864651079e-01
3.420000000000003482e+00 3.381552250492394496e-01 2.376046880462158173e-01 1.005505370030236045e-01
3.440000000000003499e+00 3.045575850692209263e-01 2.149817770484803714e-01 8.957580802074066595e-02
3.460000000000003517e+00 2.674002710140948591e-01 1.895786789350596968e-01 7.782159207903539822e-02
3.480000000000003535e+00 2.286863749641651067e-01 1.628031565016913873e-01 6.588321846247360836e-02
3.500000000000003553e+00 1.903503399159174325e-01 1.360400058933969869e-01 5.431033402252058440e-02
3.520000000000003126e+00 1.540807347215857326e-01 1.105206999948587787e-01 4.356003472672691224e-02
3.540000000000003588e+00 1.211903002730949919e-01 8.722374479878038100e-02 3.396655547431459699e-02
3.560000000000004050e+00 9.254550999599674144e-02 6.681627554453892226e-02 2.572923445145779489e-02
3.580000000000003624e+00 6.855793533240879534e-02 4.964028869153180867e-02 1.891764664087688952e-02
3.600000000000003197e+00 4.923007279070408526e-02 3.573957353844743612e-02 1.349049925225668037e-02
3.620000000000003659e+00 3.424067052333697181e-02 2.491728994272962919e-02 9.323380580607366908e-03
3.640000000000004121e+00 2.305041853635505025e-02 1.681048659617579918e-02 6.239931940179252803e-03
3.660000000000003695e+00 1.500879598817268096e-02 1.096731439469865801e-02 4.041481593474021208e-03
3.680000000000003268e+00 9.446499391116575453e-03 6.915054355317196144e-03 2.531445035799376707e-03
3.700000000000003730e+00 5.743863724374166646e-03 4.211373397390273492e-03 1.532490326983891420e-03
3.720000000000004192e+00 3.372238991993035083e-03 2.476080785152893083e-03 8.961582068401389642e-04
3.740000000000003766e+00 1.910769652677217706e-03 1.404819392585001693e-03 5.059502600922164469e-04
3.760000000000003340e+00 1.044454920150050554e-03 7.687991508636444083e-04 2.756557692864062539e-04
3.780000000000003801e+00 5.505508299478459279e-04 4.056794108404372895e-04 1.448714191074088552e-04
3.800000000000004263e+00 2.797591150766590064e-04 2.063425900793848609e-04 7.341652499727379321e-05
3.820000000000003837e+00 1.369995101007787900e-04 1.011356667952611229e-04 3.586384330551766023e-05
3.840000000000003411e+00 6.463757000133017771e-05 4.775479621642545743e-05 1.688277378490479481e-05
3.860000000000003872e+00 2.937503830669736880e-05 2.171835164054782723e-05 7.656686666149531401e-06
3.880000000000004334e+00 1.285602982196595372e-05 9.511410394516065319e-06 3.344619427449896449e-06
3.900000000000003908e+00 5.417363661167006314e-06 4.010438275213273367e-06 1.406925385953735276e-06
3.920000000000003482e+00 2.197598563471026035e-06 1.627784025422536745e-06 5.698145380484914077e-07
3.940000000000003944e+00 8.580693418430773548e-07 6.359111370317427480e-07 2.221582048113354538e-07
3.960000000000004405e+00 3.224420078214498477e-07 2.390750247223844219e-07 8.336698309906545224e-08
3.980000000000003979e+00 1.165969566687542511e-07 8.648911090344087121e-08 3.010784576531336668e-08
4.000000000000003553e+00 4.057213209193505357e-08 3.010644251085015671e-08 1.046568958108489025e-08
4.020000000000004015e+00 1.360109895221797374e-08 1.009039109547204670e-08 3.510707856745927045e-09
4.040000000000004476e+00 4.456770675851434287e-09 3.284199491848172015e-09 1.172571184003258963e-09
4.060000000000004050e+00 1.661713711272204224e-09 1.141006735796616708e-09 5.207069754755875153e-10
4.080000000000003624e+00 1.481662370084403070e-09 7.729039323278936803e-10 7.087584377565083556e-10
4.100000000000004086e+00 3.751742895079647861e-09 1.681322793210091462e-09 2.070420101869558468e-09
4.120000000000004547e+00 1.182111869019158203e-08 5.196377061521956837e-09 6.624741628669630159e-09
4.140000000000004121e+00 3.675689684269564502e-08 1.613038697794459262e-08 2.062650986475105903e-08
4.160000000000003695e+00 1.101340936090900288e-07 4.832516867926784634e-08 6.180892492982214278e-08
4.180000000000004157e+00 3.173430713204972868e-07 1.392474100447151682e-07 1.780956612757820128e-07
4.200000000000004619e+00 8.792363364762259314e-07 3.858148352205328111e-07 4.934215012556933850e-07
4.220000000000004192e+00 2.342444510476155023e-06 1.027929204848293747e-06 1.314515305627861276e-06
4.240000000000003766e+00 6.001322297678456796e-06 2.633711214702635959e-06 3.367611082975826767e-06
4.260000000000004228e+00 1.478665036340064475e-05 6.489739589541327137e-06 8.296910773859338784e-06
4.280000000000004690e+00 3.504078810451609891e-05 1.538082484233773775e-05 1.965996326217838488e-05
4.300000000000004263e+00 7.987315980448801451e-05 3.506477899138481366e-05 4.480838081310314664e-05
4.320000000000003837e+00 1.751457450291958931e-04 7.690526976415268997e-05 9.824047526504317606e-05
4.340000000000004299e+00 3.695111744889785976e-04 1.622929639891835868e-04 2.072182104997952277e-04
4.360000000000004761e+00 7.501589132438399353e-04 3.295948989495913091e-04 4.205640142942483010e-04
4.380000000000004334e+00 1.465746392787794453e-03 6.443090387498175099e-04 8.214373540379774855e-04
4.400000000000003908e+00 2.757043848357803965e-03 1.212714319866655234e-03 1.544329528491148948e-03
4.420000000000004370e+00 4.993775664784735717e-03 2.198460763556602665e-03 2.795314901228136521e-03
4.440000000000004832e+00 8.712920435506940273e-03 3.840215680873818385e-03 4.872704754633124490e-03
4.460000000000004405e+00 1.464979604531450180e-02 6.466878998705061915e-03 8.182917046609431214e-03
4.480000000000003979e+00 2.374981401231491054e-02 1.050552830038228511e-02 1.324428571193260809e-02
4.500000000000004441e+00 3.714773107042507877e-02 1.647694992339198555e-02 2.067078114703312097e-02
4.520000000000004903e+00 5.610458804334446381e-02 2.497517135587306453e-02 3.112941668747138541e-02
4.540000000000004476e+00 8.190144062773660472e-02 3.663119760357774757e-02 4.527024302415888490e-02
4.560000000000004050e+00 1.157024627360179053e-01 5.206655822867245487e-02 6.363590450734543658e-02
4.580000000000004512e+00 1.584141678763442695e-01 7.184742198547583447e-02 8.656674589086846283e-02
4.600000000000004974e+00 2.105760862681769763e-01 9.645212105295283833e-02 1.141239652152242073e-01
4.620000000000004547e+00 2.723147757362056609e-01 1.262612845611663648e-01 1.460534911750391851e-01
4.640000000000004121e+00 3.433742613921205722e-01 1.615695222428444877e-01 1.818047391492759735e-01
4.660000000000004583e+00 4.232050618617214655e-01 2.026030409258114118e-01 2.206020209359100259e-01
4.680000000000005045e+00 5.110615029206693194e-01 2.495145083284978638e-01 2.615469945921712336e-01
4.700000000000004619e+00 6.060384333797198542e-01 3.023225521012733452e-01 3.037158812784469530e-01
4.720000000000004192e+00 7.069875802478492455e-01 3.607746728590300322e-01 3.462129073888192687e-01
4.740000000000004654e+00 8.122953025771627589e-01 4.241399346468658349e-01 3.881553679302972570e-01
4.760000000000005116e+00 9.195678898872975404e-01 4.909748218396373654e-01 4.285930680476597310e-01
4.780000000000004690e+00 1.025334891053609088e+00 5.589386422842486102e-01 4.663962487693604775e-01
4.800000000000004263e+00 1.124916726647189114e+00 6.247481767477771619e-01 5.001685498994123957e-01
4.820000000000004725e+00 1.212587986154853859e+00 6.843438653038940167e-01 5.282441208509593977e-01
4.840000000000005187e+00 1.282097897927380714e+00 7.332911609142854781e-01 5.488067370130950140e-01
4.860000000000004761e+00 1.327502216315787464e+00 7.673729091095676802e-01 5.601293072062191181e-01
4.880000000000004334e+00 1.344151215811679290e+00 7.832632637041752055e-01 5.608879521075051944e-01
4.900000000000004796e+00 1.329606044914791951e+00 7.791339213728776247e-01 5.504721235419153258e-01
4.920000000000005258e+00 1.284248712130047654e+00 7.550451728701330634e-01 5.292035392599145904e-01
4.940000000000004832e+00 1.211415305633815498e+00 7.130194107531189207e-01 4.983958948806966882e-01
4.960000000000004405e+00 1.116998638290206625e+00 6.567703967286764311e-01 4.602282415615309152e-01
4.980000000000004867e+00 1.008598786797781033e+00 5.911447271664195258e-01 4.174540596313613405e-01
5.000000000000005329e+00 8.944075864428158162e-01 5.213977912589204955e-01 3.730097951838954318e-01
5.020000000000004903e+00 7.820660929204247269e-01 4.524572220242855658e-01 3.296088708961393277e-01
5.040000000000004476e+00 6.777219283249301673e-01 3.883167982191089163e-01 2.894051301058216952e-01
5.060000000000004938e+00 5.854466162830701537e-01 3.316601233614833166e-01 2.537864929215867260e-01
5.080000000000005400e+00 5.070763637399651191e-01 2.837521085343138738e-01 2.233242552056508567e-01
5.100000000000004974e+00 4.424425962639875753e-01 2.445756660499229518e-01 1.978669302140643738e-01
5.120000000000004547e+00 3.898849991292913097e-01 2.131458649176204978e-01 1.767391342116710895e-01
5.140000000000005009e+00 3.469028185387322827e-01 1.879117501892957898e-01 1.589910683494363541e-01
5.160000000000005471e+00 3.108006001164215770e-01 1.671571354367332729e-01 1.436434646796883041e-01
5.180000000000005045e+00 2.792141295748535312e-01 1.493304027590178218e-01 1.298837268158358205e-01
5.200000000000004619e+00 2.504484080494390197e-01 1.332616146041886718e-01 1.171867934452504589e-01
5.220000000000005080e+00 2.236091888078593215e-01 1.182551672467942738e-01 1.053540215610651309e-01
5.240000000000005542e+00 1.985525794857791737e-01 1.040717275015366067e-01 9.448085198424269193e-02
5.260000000000005116e+00 1.757067150146641998e-01 9.083058076880268228e-02 8.487613424586153144e-02
5.280000000000004690e+00 1.558324535410000600e-01 7.887130047470589100e-02 7.696115306629416897e-02
5.300000000000005151e+00 1.397867795220209541e-01 6.861223991819442869e-02 7.117453960382666422e-02
5.320000000000005613e+00 1.283364420019995622e-01 6.043469794772065445e-02 6.790174405427890081e-02
5.340000000000005187e+00 1.220458888373598672e-01 5.460877759736999099e-02 6.743711123998991086e-02
5.360000000000004761e+00 1.212393884915054787e-01 5.126348597294113490e-02 6.997590251856430910e-02
5.380000000000005222e+00 1.260184161740777742e-01 5.039274815197447577e-02 7.562566802210331229e-02
5.400000000000005684e+00 1.363059001601446552e-01 5.188287869522182488e-02 8.442302146492278170e-02
5.420000000000005258e+00 1.518897468043730603e-01 5.554626683927583325e-02 9.634347996509720624e-02
5.440000000000004832e+00 1.724471444596643310e-01 6.114963581823217031e-02 1.112975086414321468e-01
5.460000000000005294e+00 1.975443316039990627e-01 6.843121966553561419e-02 1.291131119384633652e-01
5.480000000000005755e+00 2.266189975790366407e-01 7.710723925807894119e-02 1.495117583209576440e-01
5.500000000000005329e+00 2.589603239357949338e-01 8.687226779213939876e-02 1.720880561436556044e-01
5.520000000000004903e+00 2.937028950215591627e-01 9.739950721189954974e-02 1.963033878096595297e-01
5.540000000000005365e+00 3.298457018581726352e-01 1.083457762728397555e-01 2.214999255853326021e-01
5.560000000000005826e+00 3.662986407552847878e-01 1.193631152616595192e-01 2.469355254936251576e-01
5.580000000000005400e+00 4.019497314295253365e-01 1.301157171079429520e-01 2.718340143215827176e-01
5.600000000000004974e+00 4.357400358112917815e-01 1.402986547985931309e-01 2.954413810126985673e-01
5.620000000000005436e+00 4.667319516869827822e-01 1.496543149251199911e-01 3.170776367618627356e-01
5.640000000000005898e+00 4.941602892312364492e-01 1.579835784229300377e-01 3.361767108083062450e-01
5.660000000000005471e+00 5.174625966563173307e-01 1.651509959516076487e-01 3.523116007047094600e-01
5.680000000000005045e+00 5.362927731867828118e-01 1.710855395091321063e-01 3.652072336776507333e-01
5.700000000000005507e+00 5.505272773243959916e-01 1.757800754305031687e-01 3.747472018938927674e-01
5.720000000000005969e+00 5.602744032503496063e-01 1.792929614094289081e-01 3.809814418409208092e-01
5.740000000000005542e+00 5.658939195235210828e-01 1.817540832386453087e-01 3.841398362848759129e-01
5.760000000000005116e+00 5.680280571517692945e-01 1.833755998730636771e-01 3.846524572787057283e-01
5.780000000000005578e+00 5.676374082598854010e-01 1.844652474624510208e-01 3.831721607974342136e-01
5.800000000000006040e+00 5.660287191040535015e-01 1.854378253090592232e-01 3.805908937949940007e-01
5.820000000000005613e+00 5.648571896843259665e-01 1.868188577012859786e-01 3.780383319830395439e-01
5.840000000000005187e+00 5.660844490547627395e-01 1.892336855821209474e-01 3.768507634726415700e-01
5.860000000000005649e+00 5.718753766267957728e-01 1.933756971657739632e-01 3.784996794610218096e-01
5.880000000000006111e+00 5.844231461025559682e-01 1.999494658304742101e-01 3.844736802720816193e-01
5.900000000000005684e+00 6.057032266378032936e-01 2.095886311884505582e-01 3.961145954493523469e-01
5.920000000000005258e+00 6.371738863040117273e-01 2.227544930356918085e-01 4.144193932683200576e-01
5.940000000000005720e+00 6.794613480852124132e-01 2.396287587916510198e-01 4.398325892935610604e-01
5.960000000000006182e+00 7.320875585897449467e-01 2.600209200819081357e-01 4.720666385078375327e-01
5.980000000000005755e+00 7.933103483839508696e-01 2.833147347565262431e-01 5.099956136274247376e-01
6.000000000000005329e+00 8.601419020148689532e-01 3.084766355790753423e-01 5.516652664357934999e-01
6.020000000000005791e+00 9.285871641821935585e-01 3.341401099030136268e-01 5.944470542791802092e-01
6.040000000000006253e+00 9.941005675811618314e-01 3.587649314594142380e-01 6.353356361217481485e-01
6.060000000000005826e+00 1.052206318798357909e+00 3.808518386639759834e-01 6.713544801343822588e-01
6.080000000000005400e+00 1.099179149893967589e+00 3.991768870240294254e-01 7.000022628699382743e-01
6.100000000000005862e+00 1.132654511437653833e+00 4.130004083451671026e-01 7.196541030924867854e-01
6.120000000000006324e+00 1.152040124879801564e+00 4.222066100211221973e-01 7.298335148586798660e-01
6.140000000000005898e+00 1.158635664300784462e+00 4.273415249779407010e-01 7.312941393228437059e-01
6.160000000000005471e+00 1.155425123919666008e+00 4.295362752261132622e-01 7.258888486935528572e-01
6.180000000000005933e+00 1.146571717657711709e+00 4.303245111738372985e-01 7.162472064838748542e-01
6.200000000000006395e+00 1.136701983358020973e+00 4.313824763120318040e-01 7.053195070459892246e-01
6.220000000000005969e+00 1.130102935522391494e+00 4.342339873499425629e-01 6.958689481724490422e-01
6.240000000000005542e+00 1.129969445287102303e+00 4.399692807421947682e-01 6.900001645449077570e-01
6.260000000000006004e+00 1.137829976203476035e+00 4.490261023193089507e-01 6.888038738841676389e-01
6.280000000000006466e+00 1.153251123101841635e+00 4.610738843451684388e-01 6.921772387566731410e-01
6.300000000000006040e+00 1.173878558858415522e+00 4.750274473801694430e-01 6.988511114782465228e-01
6.320000000000005613e+00 1.195817212150495745e+00 4.891957911184984797e-01 7.066214210319976541e-01
6.340000000000006075e+00 1.214292134635968079e+00 5.015461789068762499e-01 7.127459557290912739e-01
6.360000000000006537e+00 1.224473482665549007e+00 5.100383831481496433e-01 7.144350995173995855e-01
6.380000000000006111e+00 1.222308517625732005e+00 5.129652809915266065e-01 7.093432366342053985e-01
6.400000000000005684e+00 1.205194788780531878e+00 5.092306562016984950e-01 6.959641325788334942e-01
6.420000000000006146e+00 1.172359501302683293e+00 4.985068170658005782e-01 6.738526842368837144e-01
6.440000000000006608e+00 1.124876418310539528e+00 4.812419392345601565e-01 6.436344790759798151e-01
6.460000000000006182e+00 1.065336785916390250e+00 4.585227932264462902e-01 6.068139926899437375e-01
6.480000000000005755e+00 9.972703958923954115e-01 4.318323141034721147e-01 5.654380817889231858e-01
6.500000000000006217e+00 9.244639837329645671e-01 4.027634341851821231e-01 5.217005495477824439e-01
6.520000000000006679e+00 8.503335258033035693e-01 3.727550267506546944e-01 4.775784990526498186e-01
6.540000000000006253e+00 7.774756236876230187e-01 3.429029908235055046e-01 4.345726328641176250e-01
6.560000000000005826e+00 7.074645315072021212e-01 3.138750299788234943e-01 3.935895015283784604e-01
6.580000000000006288e+00 6.408952449618854352e-01 2.859297996220979687e-01 3.549654453397875775e-01
6.600000000000006750e+00 5.776179163811399064e-01 2.590175991603903549e-01 3.186003172207499956e-01
6.620000000000006324e+00 5.170764000036602859e-01 2.329256749878213517e-01 2.841507250158391562e-01
6.640000000000005898e+00 4.586570927820987631e-01 2.074279436659807740e-01 2.512291491161180446e-01
6.660000000000006359e+00 4.019694618110477013e-01 1.824050586648490735e-01 2.195644031461986279e-01
6.680000000000006821e+00 3.470088231434022008e-01 1.579130412082682677e-01 1.890957819351341551e-01
6.700000000000006395e+00 2.941861820785153792e-01 1.341934818156217957e-01 1.599927002628936390e-01
6.720000000000005969e+00 2.442414000028481080e-01 1.116321928566942762e-01 1.326092071461540123e-01
6.740000000000006430e+00 1.980787530350576753e-01 9.068348436520694278e-02 1.073952686698507880e-01
6.760000000000006892e+00 1.565746974031275995e-01 7.178228002414956122e-02 8.479241737897795506e-02
6.780000000000006466e+00 1.204057143882921177e-01 5.526563870454247185e-02 6.514007568374975687e-02
6.800000000000006040e+00 8.993161309976613338e-02 4.131974764059660049e-02 4.861186545916947044e-02
6.820000000000006501e+00 6.515102259768211501e-02 2.996004986258556796e-02 3.519097273509653317e-02
6.840000000000006963e+00 4.572647950056705352e-02 2.104335735903009597e-02 2.468312214153697143e-02
6.860000000000006537e+00 3.106147557275995910e-02 1.430388566413086718e-02 1.675758990862909539e-02
6.880000000000006111e+00 2.040411875530274630e-02 9.401564238918486832e-03 1.100255451638425599e-02
6.900000000000006573e+00 1.295214541881405633e-02 5.970978145756374034e-03 6.981167273057685765e-03
6.920000000000007034e+00 7.940075130690006991e-03 3.662060176794232867e-03 4.278014953895774991e-03
6.940000000000006608e+00 4.698232393241694518e-03 2.167762250792658503e-03 2.530470142449034281e-03
6.960000000000006182e+00 2.682071825065520092e-03 1.237958208317597704e-03 1.444113616747922171e-03
6.980000000000006644e+00 1.476582053942903467e-03 6.817672811968690733e-04 7.948147727460352615e-04
7.000000000000007105e+00 7.836884781730127369e-04 3.619525210213798689e-04 4.217359571516331391e-04
7.020000000000006679e+00 4.008614513514137325e-04 1.851911779524664521e-04 2.156702733989474430e-04
7.040000000000006253e+00 1.975569988615708927e-04 9.129058452646901794e-05 1.062664143351019154e-04
7.060000000000006715e+00 9.378512040876566490e-05 4.334769468556844564e-05 5.043742572319725992e-05
7.080000000000007176e+00 4.287723700512500801e-05 1.982208455482047254e-05 2.305515245030450498e-05
7.100000000000006750e+00 1.887509396722395017e-05 8.727603036427592913e-06 1.014749093079636403e-05
7.120000000000006324e+00 7.999225180864718857e-06 3.699395365249167150e-06 4.299829815615555096e-06
7.140000000000006786e+00 3.263156222192269873e-06 1.509356942242389471e-06 1.753799279949880190e-06
7.160000000000007248e+00 1.281151015737089113e-06 5.926803985582803669e-07 6.884706171788093813e-07
7.180000000000006821e+00 4.840414263542800765e-07 2.239568295435549521e-07 2.600845968107251773e-07
7.200000000000006395e+00 1.759692807441972866e-07 8.142842115596617323e-08 9.454085958823139131e-08
7.220000000000006857e+00 6.154888688527627389e-08 2.848478617575336554e-08 3.306410070952286864e-08
7.240000000000007319e+00 2.071063695670248093e-08 9.585977307209922927e-09 1.112465964949257786e-08
7.260000000000006892e+00 6.703799922752204026e-09 3.103209141855009159e-09 3.600590780897199003e-09
7.280000000000006466e+00 2.087231083843638947e-09 9.662839142931506579e-10 1.120947169550488702e-09
7.300000000000006928e+00 6.250464381693807414e-10 2.893930589256660445e-10 3.356533792437145935e-10
7.320000000000007390e+00 1.800193337822434428e-10 8.335548775918189038e-11 9.666384602306147483e-11
7.340000000000006963e+00 4.986160047748963611e-11 2.308969989915525391e-11 2.677190057833438543e-11
7.360000000000006537e+00 1.328099347928756057e-11 6.150602259045428966e-12 7.130391220242140495e-12
7.380000000000006999e+00 3.401661396424444218e-12 1.575474228475573389e-12 1.826187167948871233e-12
7.400000000000007461e+00 8.377766934585271799e-13 3.880430551494736844e-13 4.497336383090532430e-13
7.420000000000007034e+00 1.983919800443565988e-13 9.189789769248753388e-14 1.064940823518689135e-13
7.440000000000006608e+00 4.517122716154155874e-14 2.092530020308970252e-14 2.424592695845187830e-14
7.460000000000007070e+00 9.888401749201784772e-15 4.581027297736428225e-15 5.307374451465357335e-15
7.480000000000007532e+00 2.081145007517472496e-15 9.641948506925969082e-16 1.116950156824876180e-15
7.500000000000007105e+00 4.210921918327152853e-16 1.951030917969883524e-16 2.259891000357270808e-16
