# q_distance branch_1_THz branch_2_THz branch_3_THz branch_4_THz branch_5_THz branch_6_THz branch_7_THz branch_8_THz branch_9_THz branch_10_THz branch_11_THz branch_12_THz
0.000000000000000000e+00 -1.525498273006170580e-02 -1.294195170746946510e-02 -1.294195170695448989e-02 1.689305646299108066e+00 1.689305646299124719e+00 3.087011469995559310e+00 7.802886967597298273e+00 8.645451484250070706e+00 1.141912661491135417e+01 1.141912661491136127e+01 1.195114968060652316e+01 1.195114968060652849e+01
1.505583966209305498e-03 -1.386423890746746324e-02 4.281197234345240910e-02 7.629535923464939029e-02 1.689911396524778286e+00 1.691584124063768124e+00 3.086871535882037776e+00 7.802774007956520208e+00 8.645250732124441839e+00 1.141890671585222883e+01 1.141897357354564235e+01 1.195090146060750413e+01 1.195100150246087622e+01
3.011167932418610995e-03 -7.436492426036765170e-03 8.850230619194507375e-02 1.542102612384761151e-01 1.691726945292302720e+00 1.698395458944198966e+00 3.086452034700948310e+00 7.802435406569274257e+00 8.644648726779124104e+00 1.141824702240962353e+01 1.141851455796463277e+01 1.195015680948759673e+01 1.195055707541871470e+01
4.516751898627916276e-03 1.493808611104232090e-02 1.335216568358655598e-01 2.317221373032237464e-01 1.694747204952088859e+00 1.709668649714075839e+00 3.085753870683142441e+00 7.801871996419126987e+00 8.643646221808891639e+00 1.141714754590402237e+01 1.141774989372225235e+01 1.194891575396852090e+01 1.194981672166408160e+01
6.022335864837222857e-03 2.673272242414410915e-02 1.783607741659561929e-01 3.090888826824159108e-01 1.698963755872779258e+00 1.725289505324397510e+00 3.084778553423377367e+00 7.801085167072251636e+00 8.642244474872969207e+00 1.141560830558982254e+01 1.141668012342649163e+01 1.194717833888730318e+01 1.194878097816885365e+01
7.527919831046529439e-03 3.888635662038753688e-02 2.231081810973552237e-01 3.863467203955416318e-01 1.704364934470074644e+00 1.745106309061424499e+00 3.083528201820846970e+00 7.800076866564523037e+00 8.640445250200928129e+00 1.141362932923637707e+01 1.141530600676617802e+01 1.194494462764830978e+01 1.194745059669007858e+01
9.033503797255834286e-03 5.219403264507825602e-02 2.677882430338575093e-01 4.634953505000829477e-01 1.710935953229979489e+00 1.768936771372202843e+00 3.082005549854141435e+00 7.798849604036966809e+00 8.638250822108581417e+00 1.141121065394259126e+01 1.141362852054761667e+01 1.194221470285758180e+01 1.194582654376526953e+01
1.053908776346514087e-02 6.684923092097184993e-02 3.124071977715911497e-01 5.405239590371232472e-01 1.718659049690131280e+00 1.796575547903058068e+00 3.080213954467212023e+00 7.797406453112741609e+00 8.635663979531729595e+00 1.140835232718617753e+01 1.141164885874011503e+01 1.193898866714107498e+01 1.194391000070491771e+01
1.204467172967444571e-02 8.287123702420878812e-02 3.569645045475065004e-01 6.174176635239746469e-01 1.727513660718310140e+00 1.827801661908315500e+00 3.078157405948225289e+00 7.795751056006594126e+00 8.632688031587331778e+00 1.140505440810916227e+01 1.140936843252939603e+01 1.193526664414867611e+01 1.194170236358088921e+01
1.355025569588375056e-02 1.002058250539955842e-01 4.014566009598812268e-01 6.941596301885573084e-01 1.737476617960030723e+00 1.862385317414338548e+00 3.075840541313909160e+00 7.793887628355160579e+00 8.629326814174085314e+00 1.140131696904151859e+01 1.140678887037742939e+01 1.193104877974660027e+01 1.193920524320943244e+01
1.505583966209305714e-02 1.187649370076390015e-01 4.458783981591292744e-01 7.707318928776356604e-01 1.748522360031320444e+00 1.900093772325613717e+00 3.073268661373143029e+00 7.791820964753481071e+00 8.625584697625672703e+00 1.139714009726514021e+01 1.140391201808701460e+01 1.192633524340093132e+01 1.193642046512695742e+01
1.656142362830236026e-02 1.384464078463224501e-01 4.902239568571215567e-01 8.471156970804193387e-01 1.760623156905038789e+00 1.940696116542458549e+00 3.070447752351647352e+00 7.789556444979850447e+00 8.621466595432281110e+00 1.139252389702090795e+01 1.140073993886920434e+01 1.192112622975590064e+01 1.193335006955676647e+01
1.806700759451166510e-02 1.591448633819492753e-01 5.344868228807024835e-01 9.232916422225978526e-01 1.773749341975480620e+00 1.983966942140084511e+00 3.067384513227126241e+00 7.787100040887117380e+00 8.616977974046927002e+00 1.138746849176193798e+01 1.139727491341133891e+01 1.191542196041079293e+01 1.192999631136433436e+01
1.957259156072097342e-02 1.807579529720970135e-01 5.786602058743470778e-01 9.992397260833413286e-01 1.787869547465767095e+00 2.029688990207466848e+00 3.064086390277300787e+00 7.784458323934294377e+00 8.612124863794781149e+00 1.138197402665664093e+01 1.139351943994310723e+01 1.190922268589995170e+01 1.192636165999863174e+01
2.107817552693028174e-02 2.031898461643836251e-01 6.227370796935483011e-01 1.074939334452061468e+00 1.802950939146343856e+00 2.077654913907244882e+00 3.060561620811149020e+00 7.781638473326874639e+00 8.606913870904280728e+00 1.137604067134574493e+01 1.138947623429798561e+01 1.190252868788110341e+01 1.192244879941666547e+01
2.258375949313958311e-02 2.263530313263774629e-01 6.667102410905575427e-01 1.150369194428399799e+00 1.818959446731736707e+00 2.127668318307353701e+00 3.056819288683721769e+00 7.778648284728671314e+00 8.601352190679705245e+00 1.136966862295788872e+01 1.138514822996663334e+01 1.189534028153757816e+01 1.191826062798802255e+01
2.408934345934889143e-02 2.501690354953322593e-01 7.105723449783865053e-01 1.225507298389751254e+00 1.835859986790220777e+00 2.179544235197407254e+00 3.052869395050105350e+00 7.775496179500799521e+00 8.595447621834630070e+00 1.136285810938917074e+01 1.138053857813903669e+01 1.188765781820093537e+01 1.191380025837592704e+01
2.559492742555819975e-02 2.745684604734278111e-01 7.543159259481552192e-01 1.300330799530728720e+00 1.853616675509377032e+00 2.233109175132478530e+00 3.048722948990204795e+00 7.772191214415748561e+00 8.589208582005497306e+00 1.135560939285258542e+01 1.137565064773148649e+01 1.187948168820100570e+01 1.190907101739103346e+01
2.710051139176750112e-02 2.994905970571364318e-01 7.979334114134234435e-01 1.374815875778208740e+00 1.872193029183071067e+00 2.288200876770352554e+00 3.044392084271016152e+00 7.768743091785317745e+00 8.582644124463211455e+00 1.134792277370400981e+01 1.137048802539410985e+01 1.187081232395118491e+01 1.190407644581366675e+01
2.860609535797680944e-02 3.248827939384317243e-01 8.414171294944727819e-01 1.448937555295693125e+00 1.891552150802199295e+00 2.344667850150089272e+00 3.039890210813433580e+00 7.765162169930817981e+00 8.575763956038715108e+00 1.133979859455225636e+01 1.136505451549463075e+01 1.186165020327772801e+01 1.189882029818014431e+01
3.011167932418611776e-02 3.506997003028882176e-01 8.847593135109610429e-01 1.522669492806998370e+00 1.911656901621440641e+00 2.402368788781453102e+00 3.035232212710309074e+00 7.761459473912262652e+00 8.568578456275647071e+00 1.133123724466158500e+01 1.135935414007319366e+01 1.185199585300253133e+01 1.189330654252812280e+01
3.161726329039542260e-02 3.769024613114736466e-01 9.279521042421144950e-01 1.595983680837495200e+00 1.932470057026131505e+00 2.461171906654311403e+00 3.030434709380656066e+00 7.757646706419522253e+00 8.561098697818895431e+00 1.132223916465589930e+01 1.135339113876310790e+01 1.184184985278993452e+01 1.188753936009576506e+01
3.312284725660472745e-02 4.034579177651466120e-01 9.709875506949308122e-01 1.668850072798929052e+00 1.953954446425761882e+00 2.520954240935285195e+00 3.025516403391226739e+00 7.753736258713536778e+00 8.553336468042541441e+00 1.131280485153509119e+01 1.134716996867152972e+01 1.183121283926919531e+01 1.188152314496905326e+01
3.462843122281403230e-02 4.303378417429531977e-01 1.013857609864851073e+00 1.741236084373219306e+00 1.976073077248286847e+00 2.581600949048461935e+00 3.020498548818374651e+00 7.749741221488174681e+00 8.545304291913378592e+00 1.130293486401505909e+01 1.134069530421413496e+01 1.182008551044520850e+01 1.187526250367108815e+01
3.613401518902333714e-02 4.575182264934421483e-01 1.056554145815142398e+00 1.813105923925755203e+00 1.998789243400564963e+00 2.643004619624065743e+00 3.015405589676059872e+00 7.745675395504173721e+00 8.537015456077218900e+00 1.129262982820413797e+01 1.133397203689680488e+01 1.180846863041165484e+01 1.186876225468691182e+01
3.763959915523264199e-02 4.849786396533088406e-01 1.099068928299738790e+00 1.884419678530758091e+00 2.022066618794989168e+00 2.705064609944275666e+00 3.010266042047694324e+00 7.741553301824873223e+00 8.528484034143740899e+00 1.128189044363020344e+01 1.132700527503748944e+01 1.179636303438175560e+01 1.186202742791689246e+01
3.914518312144194684e-02 5.127016427470918458e-01 1.141393631086864868e+00 1.955132044335307961e+00 2.045869336723189491e+00 2.767686417529737319e+00 3.005113731400944843e+00 7.737390191459410538e+00 8.519724913131767607e+00 1.127071748963421349e+01 1.131980034342029739e+01 1.178376963405361977e+01 1.185506326405120348e+01
4.065076708765125169e-02 5.406722759911373188e-01 1.183519830098285430e+00 2.025190529423581243e+00 2.070162055990361072e+00 2.830781089965799691e+00 2.999989557132384910e+00 7.733202054192123143e+00 8.510753821019497067e+00 1.125911183214757649e+01 1.131236278287389929e+01 1.177068942332870805e+01 1.184787521385758247e+01
4.215635105386055653e-02 5.688776050303180343e-01 1.225439001448269005e+00 2.094532858409971166e+00 2.094910014811406374e+00 2.894264674606672028e+00 2.994944055333868871e+00 7.729005626347662528e+00 8.501587355323787065e+00 1.124707443087278058e+01 1.130469834976539012e+01 1.175712348440377752e+01 1.184046893737398953e+01
4.366193502006985444e-02 5.973063248974684880e-01 1.267142519446569970e+00 2.120079073520943602e+00 2.163083142979304707e+00 2.958057708137617592e+00 2.990041195804100660e+00 7.724818397208779608e+00 8.492243012607533004e+00 1.123460634688849957e+01 1.129681301540034966e+01 1.174307299425876394e+01 1.183285030299730600e+01
4.516751898627915929e-02 6.259484158621108074e-01 1.308621654615373275e+00 2.145635747167381258e+00 2.230746101762879352e+00 2.985364130186377363e+00 3.022084744901128772e+00 7.720658613768478951e+00 8.482739218784447033e+00 1.122170875070306018e+01 1.128871296531946911e+01 1.172853923156523415e+01 1.182502538645876200e+01
4.667310295248846413e-02 6.547948456785150917e-01 1.349867571760995144e+00 2.171547229053996553e+00 2.297398126501692062e+00 2.981024094583703654e+00 3.086273922239337164e+00 7.716545283460419569e+00 8.473095360055843628e+00 1.120838293078221604e+01 1.128040459848099353e+01 1.171352358404260308e+01 1.181700046967620210e+01
4.817868691869776898e-02 6.838373128822428093e-01 1.390871328133408857e+00 2.197781406261700710e+00 2.362873139381584053e+00 2.977174522106905918e+00 3.150556560749185664e+00 7.712498174470216128e+00 8.463331814272157416e+00 1.119463030258042835e+01 1.127189452631836630e+01 1.169802755629201130e+01 1.180878203947285066e+01
4.968427088490707383e-02 7.130680260983633945e-01 1.431623871702621953e+00 2.224306868144452221e+00 2.426939699407550499e+00 2.974033907870309523e+00 3.214866797200636839e+00 7.708537813187060550e+00 8.453469982464069332e+00 1.118045241810738766e+01 1.126318957166113854e+01 1.168205277814088916e+01 1.180037678615166641e+01
5.118985485111637868e-02 7.424795147334776191e-01 1.472116039577152424e+00 2.251092908733352882e+00 2.489263321243037286e+00 2.971923463436171087e+00 3.279141247867253917e+00 7.704685478309483138e+00 8.443532320231637911e+00 1.116585097606536436e+01 1.125429676750706598e+01 1.166560101353454826e+01 1.179179160191390885e+01
5.269543881732568352e-02 7.720644668704390590e-01 1.512338556587599525e+00 2.278109523922919433e+00 2.549344340472534665e+00 2.971329227223177050e+00 3.343318700116796993e+00 7.700963191071668490e+00 8.433542368614972418e+00 1.115082783259641452e+01 1.124522335563248809e+01 1.164867417001504002e+01 1.178303357910993299e+01
5.420102278353498143e-02 8.018155906385541210e-01 1.552282034056813309e+00 2.305327404246110490e+00 2.606418966517947133e+00 2.973000990171687175e+00 3.407339830275064152e+00 7.697393701008394373e+00 8.423524783995466336e+00 1.113538501268264369e+01 1.123597678502747677e+01 1.163127430883168856e+01 1.177411000830978516e+01
5.570660674974428628e-02 8.317254957670697779e-01 1.591936968776917816e+00 2.332717923975696994e+00 2.659321409654237467e+00 2.978090150792065849e+00 3.471146945986438581e+00 7.694000466628351020e+00 8.413505366491204285e+00 1.111952472224739985e+01 1.122656471014165369e+01 1.161340365573239630e+01 1.176502837618064667e+01
5.721219071595359112e-02 8.617865924369415564e-01 1.631293742213004050e+00 2.360253127221040081e+00 2.706369652740137077e+00 2.988263929601135516e+00 3.534683751534557494e+00 7.690807630318190036e+00 8.403511086214351167e+00 1.110324936101005910e+01 1.121699498892580671e+01 1.159506461249013753e+01 1.175579636315762144e+01
5.871777468216289597e-02 8.919910049176335010e-01 1.670342619952703611e+00 2.387905711622120730e+00 2.745520540470830717e+00 3.005550270806548685e+00 3.597895134844903975e+00 7.687839986754909205e+00 8.393570106649207219e+00 1.108656153615299544e+01 1.120727568065410118e+01 1.157625976922485656e+01 1.174642184089395336e+01
6.022335864837220082e-02 9.223304978096872331e-01 1.709073751420977505e+00 2.415649010178490208e+00 2.775166191969686835e+00 3.031541426130802463e+00 3.660726975162003072e+00 7.685122944063936146e+00 8.383711804289667668e+00 1.106946407686508316e+01 1.119741504351069494e+01 1.155699191758760058e+01 1.173691286947620682e+01
6.172894261458150567e-02 9.527964130108578233e-01 1.747477169879103176e+00 2.443456971690090462e+00 2.795259556419305014e+00 3.066268401818514455e+00 3.723125970671054663e+00 7.682682476926131265e+00 8.373966783541131775e+00 1.105196004983324798e+01 1.118742153192430244e+01 1.153726406488109646e+01 1.172727769438960799e+01
6.323452658079080357e-02 9.833796157860164033e-01 1.785542792727169870e+00 2.471304140230204283e+00 2.807430464467037812e+00 3.108084916862064784e+00 3.785039485615558252e+00 7.680545070812263120e+00 8.364366885746807867e+00 1.103405277576085552e+01 1.117730379363352355e+01 1.151707944919908400e+01 1.171752474321825410e+01
6.474011054700011536e-02 1.014070448550353332e+00 1.823260422129514335e+00 2.499165634018884141e+00 2.813902139586831108e+00 3.154750909048245955e+00 3.846415416744082716e+00 7.678737656510111087e+00 8.354945191041862174e+00 1.101574584700036930e+01 1.116707066646523927e+01 1.149644155567615122e+01 1.170766262206457320e+01
6.624569451320942715e-02 1.044858691176267396e+00 1.860619745982554418e+00 2.527017124017124861e+00 2.816560310417325574e+00 3.204363448588744223e+00 3.907202079199340705e+00 7.677287534111154166e+00 8.345736011572942203e+00 1.099704314639665270e+01 1.115673117480795362e+01 1.147535413394996517e+01 1.169770011167207002e+01
6.775127847941873893e-02 1.075733526808824836e+00 1.897610339244867328e+00 2.554834812519181320e+00 2.816718958210226997e+00 3.255591025963644913e+00 3.967348112237323310e+00 7.676222285643827803e+00 8.336774874448055428e+00 1.097794886744780385e+01 1.114629452576148338e+01 1.145382121694956190e+01 1.168764616323518979e+01
6.925686244562805072e-02 1.106683512326729790e+00 1.934221665649444200e+00 2.582595411981269073e+00 2.815230932046205670e+00 3.307562982040542554e+00 4.026802405429716458e+00 7.675569675581897400e+00 8.328098492606429204e+00 1.095846753590164191e+01 1.113577010494398500e+01 1.143184714113646372e+01 1.167750989387985605e+01
7.076244641183736250e-02 1.137696552717806897e+00 1.970443079818185117e+00 2.610276124290236588e+00 2.812644085346701406e+00 3.359713427591763946e+00 4.085514046252948894e+00 7.675357538523740253e+00 8.319744721625529138e+00 1.093860403291850325e+01 1.112516747193711453e+01 1.140943656834003583e+01 1.166730058179817497e+01
7.226803037804666041e-02 1.168759878753532488e+00 2.006263829798724085e+00 2.637854620644767945e+00 2.809316284916786977e+00 3.411666301525772660e+00 4.143432290196642498e+00 7.675613653434033345e+00 8.311752500319508741e+00 1.091836361994499072e+01 1.111449635534977709e+01 1.138659450934505735e+01 1.165702766102070598e+01
7.377361434425597220e-02 1.199860027447571253e+00 2.041673060043967425e+00 2.665309022194490396e+00 2.805487801621203037e+00 3.463163059149643175e+00 4.200506554722436725e+00 7.676365603966767814e+00 8.304161772839702138e+00 1.089775196545862457e+01 1.110376664748088515e+01 1.136332634940830388e+01 1.164670071580975730e+01
7.527919831046528398e-02 1.230982824872010939e+00 2.076659814854268316e+00 2.692617881558139636e+00 2.801324967111391562e+00 3.514019106294469452e+00 4.256686438561621877e+00 7.677640624550176263e+00 8.297013389873631795e+00 1.087677517376040015e+01 1.109298839856145591e+01 1.133963787590185035e+01 1.163632947465735867e+01
7.678478227667459577e-02 1.262113370983231730e+00 2.111213042302288123e+00 2.719760165320864065e+00 2.796946474213915401e+00 3.564097601737336696e+00 4.311921767943249328e+00 7.679465432111096668e+00 8.290348986468572434e+00 1.085543981601085228e+01 1.108217181055652389e+01 1.131553530830464105e+01 1.162592380387173563e+01
7.829036624288390755e-02 1.293236026178806064e+00 2.145321598660156592e+00 2.746715237592382231e+00 2.792439470369056487e+00 3.613293478330377173e+00 4.366162671378154059e+00 7.681866043548607692e+00 8.284210833992963430e+00 1.083375296372613583e+01 1.107132723050760958e+01 1.129102533079069026e+01 1.161549370073660015e+01
7.979595020909321934e-02 1.324334399369595738e+00 2.178974253348176848e+00 2.773462844691472640e+00 2.787869623378029349e+00 3.661523503097033228e+00 4.419359684572517821e+00 7.684867579333013232e+00 8.278641663811805884e+00 1.081172222497304070e+01 1.106046514339672271e+01 1.126611512769254020e+01 1.160504928622798637e+01
8.130153417530253113e-02 1.355391337408267338e+00 2.212159694423680545e+00 2.783287567401493412e+00 2.799983101008451047e+00 3.708719967557292829e+00 4.471463886888732198e+00 7.688494053902766190e+00 8.273684460408178509e+00 1.078935578352714764e+01 1.104959616451364468e+01 1.124081242215276966e+01 1.159460079727418069e+01
8.280711814151184291e-02 1.386388915767258645e+00 2.244866534627895760e+00 2.778733127822923699e+00 2.826256476084937574e+00 3.754826608530728027e+00 4.522427070493392876e+00 7.692768153851814894e+00 8.269382221949273415e+00 1.076666244128508865e+01 1.103873103130869460e+01 1.121512551831492921e+01 1.158415857854485864e+01
8.431270210772115470e-02 1.417308430408881215e+00 2.277083318007777191e+00 2.774238151667142827e+00 2.852263782939764791e+00 3.799795931228806545e+00 4.572201942915743444e+00 7.697711005236494763e+00 8.265777686690993775e+00 1.074365166425227791e+01 1.102788059471437698e+01 1.118906334744894693e+01 1.157373307375689109e+01
8.581828607393046648e-02 1.448130390835484338e+00 2.308798527128627764e+00 2.769828442682626957e+00 2.877986167660625760e+00 3.843587433659643615e+00 4.620742363169859424e+00 7.703341931671096710e+00 8.262913024150885022e+00 1.072033363245890492e+01 1.101705580992016209e+01 1.116263551845494462e+01 1.156333481648515082e+01
8.732387004013975051e-02 1.478834514352195040e+00 2.340000590891799348e+00 2.765525109202296328e+00 2.903405100272788086e+00 3.886166421998047849e+00 4.668003610861911845e+00 7.709678205213134738e+00 8.260829490666864672e+00 1.069671929419233969e+01 1.100626772658611152e+01 1.113585237324492461e+01 1.155297442046815704e+01
8.882945400634906230e-02 1.509399721617430634e+00 2.370677892970513678e+00 2.761345519227579981e+00 2.928502366889521369e+00 3.927503219899245224e+00 4.713942686807973459e+00 7.716734792346023220e+00 8.259567049797835736e+00 1.067282042497076944e+01 1.099552747848268908e+01 1.110872504756397916e+01 1.154266256939993163e+01
9.033503797255837409e-02 1.539804133598063673e+00 2.400818780874678815e+00 2.757303988076596379e+00 2.953260063142112646e+00 3.967572643532545129e+00 4.758518642636629714e+00 7.724524097632419206e+00 8.259163959004480304e+00 1.064864969172232811e+01 1.098484627254577717e+01 1.108126553788260615e+01 1.153241000620121781e+01
9.184062193876768587e-02 1.570025070087444963e+00 2.430411575653652179e+00 2.753412281035032105e+00 2.977660588882069082e+00 4.006353656762519755e+00 4.801692935664444661e+00 7.733055707817234392e+00 8.259656325152171519e+00 1.062422072267491302e+01 1.097423537733798504e+01 1.105348677506993305e+01 1.152222752176518128e+01
9.334620590497699766e-02 1.600039049985802375e+00 2.459444582243639932e+00 2.749679986270308518e+00 3.001686644142897986e+00 4.043829147906592425e+00 4.843429804047492127e+00 7.742336139289070829e+00 8.261077632567896956e+00 1.059954818350392003e+01 1.096370611090983083e+01 1.102540270564504610e+01 1.151212594317487437e+01
9.485178987118630944e-02 1.629821793583091871e+00 2.487906100463594949e+00 2.746114795718106016e+00 3.025321226344135361e+00 4.079985786961823457e+00 4.883696655878142501e+00 7.752368591846367174e+00 8.263458248608158030e+00 1.057464786032703152e+01 1.095326982805675975e+01 1.099702838150060913e+01 1.150211612139221984e+01
9.635737383739562123e-02 1.659348227125421849e+00 2.515784436660859491e+00 2.742722720108171419e+00 3.048547628716154367e+00 4.114813933752592412e+00 4.922464464580631471e+00 7.763152711648495519e+00 8.266824912888846910e+00 1.054953675017586967e+01 1.094293790697097002e+01 1.096838005909997804e+01 1.149220891842090175e+01
9.786295780360493302e-02 1.688592489986581624e+00 2.543067916004339235e+00 2.739508256573949474e+00 3.071349439919969448e+00 4.148307575302247585e+00 4.959708161739298404e+00 7.774684366054839479e+00 8.271200217412618017e+00 1.052423315961092065e+01 1.093272173529010338e+01 1.093947530926625333e+01 1.148241519394832189e+01
9.936854176981424480e-02 1.717527944806410245e+00 2.569744895419948882e+00 2.736474522039679780e+00 3.093710544832599219e+00 4.180464276229844955e+00 4.995407017459928767e+00 7.786955432764906426e+00 8.276602085716582735e+00 1.049875681217646317e+01 1.091033313880856603e+01 1.092263269554835325e+01 1.147274579147499551e+01
1.008741257360235566e-01 1.746127190996278999e+00 2.595803777158927073e+00 2.733623361951333042e+00 3.115615126464529094e+00 4.211285129962538676e+00 5.029544997607011680e+00 7.799953605276376933e+00 8.283043259764347965e+00 1.047312896541150806e+01 1.088097412536643205e+01 1.091268215003908360e+01 1.146321152394285825e+01
1.023797097022328684e-01 1.774362082049780742e+00 2.621233022986037664e+00 2.730955441375176207e+00 3.137047668972331671e+00 4.240774701566853544e+00 5.062111086865410670e+00 7.813662216188888010e+00 8.290530803537565774e+00 1.044737253813609179e+01 1.085142056699460866e+01 1.090288142510213554e+01 1.145382315887763269e+01
1.038852936684421802e-01 1.802203747131131184e+00 2.646021168970356552e+00 2.728470323678380272e+00 3.157992961725802239e+00 4.268940955374184831e+00 5.093099566616473339e+00 7.828060079321801368e+00 8.299065632076581878e+00 1.042151224871190252e+01 1.082169664815493704e+01 1.089324179485321409e+01 1.144459140306385692e+01
1.053908776346514919e-01 1.829622617445241906e+00 2.670156840856764635e+00 2.726166540699920038e+00 3.178436104385193861e+00 4.295795162516472310e+00 5.122510237144707546e+00 7.843121351014790577e+00 8.308642074035159197e+00 1.039557476492298882e+01 1.079182862392138986e+01 1.088377446437700335e+01 1.143552688677510965e+01
1.068964616008607760e-01 1.856588457919718493e+00 2.693628769991835981e+00 2.724041657362929580e+00 3.198362512940795099e+00 4.321351785126465117e+00 5.150348574720569950e+00 7.858815410378550581e+00 8.319247474643370666e+00 1.036958886602351804e+01 1.076184502433091161e+01 1.087449055241041052e+01 1.142664014758594071e+01
1.084020455670700878e-01 1.883070404749128235e+00 2.716425809772996747e+00 2.722092332967587236e+00 3.217757926663218804e+00 4.345628335368224349e+00 5.176625815619281035e+00 7.875106757704641858e+00 8.330861844350515355e+00 1.034358561733936455e+01 1.073177688091093351e+01 1.086540107354715090e+01 1.141794161379594641e+01
1.099076295332793995e-01 1.909037009363765636e+00 2.720314380864760295e+00 2.738536952584734063e+00 3.236608415909455250e+00 4.368645208688497483e+00 5.201358961076818055e+00 7.891954929779029904e+00 8.343457556425224908e+00 1.031759855756846100e+01 1.070165797746459369e+01 1.085651691999974311e+01 1.140944158750083837e+01
1.114132134994887113e-01 1.934456289387035399e+00 2.718702827796486421e+00 2.759951347180709558e+00 3.254900390725917525e+00 4.390425491738947805e+00 5.224570699459325951e+00 7.909314430528343820e+00 8.356999094548596574e+00 1.029166389857599029e+01 1.067152512716755552e+01 1.084784884296009544e+01 1.140115022734917538e+01
1.129187974656980231e-01 1.959295787135321598e+00 2.717251973864279524e+00 2.780658316465532742e+00 3.272620610186337320e+00 4.410994746319406801e+00 5.246289244406855623e+00 7.927134675319773116e+00 8.371442849113071460e+00 1.026582073699334607e+01 1.064141847788589423e+01 1.083940743360490799e+01 1.139307753102815113e+01
1.144243814319073349e-01 1.983522636189328336e+00 2.715955453826686128e+00 2.800647375624787827e+00 3.289756192398979096e+00 4.430380771436562171e+00 5.266548090264071114e+00 7.945359947395706612e+00 8.386736958736637604e+00 1.024011127626656403e+01 1.061138184730739553e+01 1.083120310379725559e+01 1.138523331752540457e+01
1.159299653981166467e-01 2.007103636524683488e+00 2.714806300215501622e+00 2.819908250546863560e+00 3.306294625114108321e+00 4.448613346159754123e+00 5.285385688580690910e+00 7.963929365413615180e+00 8.402821191642683374e+00 1.021458105691667129e+01 1.058146308891505072e+01 1.082324606654083432e+01 1.137762720921863036e+01
1.174355493643259585e-01 2.030005338628682043e+00 2.713797008583632486e+00 2.838430896475198306e+00 3.322223776859650535e+00 4.465723956389345162e+00 5.302845051711807756e+00 7.982776861942782354e+00 8.419626860282875214e+00 1.018927919161923334e+01 1.055171448892241237e+01 1.081554631624813290e+01 1.137026861384807930e+01
1.189411333305352703e-01 2.052194136948602754e+00 2.712919605047380056e+00 2.856205516824754653e+00 3.337531908529831615e+00 4.481745508937498457e+00 5.318973291454482499e+00 8.001831174099626409e+00 8.437076762142451614e+00 1.016425860022970795e+01 1.052219319290935573e+01 1.080811360888878880e+01 1.136316670643131488e+01
1.204467172967445820e-01 2.073636372912150971e+00 2.712165716156119899e+00 2.873222582091945476e+00 3.352207685348872257e+00 4.496712036466838036e+00 5.333821102133108560e+00 8.021015849337921111e+00 8.455085140315992120e+00 1.013957623801704599e+01 1.049296165888010002e+01 1.080095744208880859e+01 1.135633041118306608e+01
1.219523012629538938e-01 2.094298447631284699e+00 2.711526641007938387e+00 2.889472848783047887e+00 3.366240189129249494e+00 4.510658396851686014e+00 5.347442198543171266e+00 8.040249271788821872e+00 8.473557659427726207e+00 1.011529330807126748e+01 1.046408813061585263e+01 1.079408703525560398e+01 1.134976838350613093e+01
1.234578852291632056e-01 2.114146944246575011e+00 2.710993425428029013e+00 2.904947378282233483e+00 3.379618930741945082e+00 4.523619970437180449e+00 5.359892719670079408e+00 8.059444717491230037e+00 8.492391396038939888e+00 1.009147544608570257e+01 1.043564712127622762e+01 1.078751130980772643e+01 1.134348899212256612e+01
1.249634691953725174e-01 2.133148759689667440e+00 2.710556937935322708e+00 2.919637555576847010e+00 3.392333862714155934e+00 4.535632358491999305e+00 5.371230609143510470e+00 8.078510450349396521e+00 8.511474848069982002e+00 1.006819286247991485e+01 1.040771989195749470e+01 1.078123886959154376e+01 1.133750030141679588e+01
1.264690531615818014e-01 2.151271245438275415e+00 2.710207947140464313e+00 2.933535107754757565e+00 3.404375391868722289e+00 4.546731085901803304e+00 5.381514983024860754e+00 8.097349874631520450e+00 8.530687975167813519e+00 1.004552042317613392e+01 1.038039490308081625e+01 1.077527798157014693e+01 1.133181005406442132e+01
1.279746371277911132e-01 2.168482356613747886e+00 2.709937200144688418e+00 2.946632122186084057e+00 3.415734391918486601e+00 4.556951310853024850e+00 5.390805494834521205e+00 8.115861764124085553e+00 8.549902291503711282e+00 1.002353764640745659e+01 1.035376820784804330e+01 1.076963655687196209e+01 1.132642565402227142e+01
1.294802210940004250e-01 2.184750808528931110e+00 2.709735501443415018e+00 2.958921064300014780e+00 3.426402215928471051e+00 4.566327543929948440e+00 5.399161706796918203e+00 8.133940592405339842e+00 8.568981044176119610e+00 1.000232858897630095e+01 1.032794374648529789e+01 1.076432213228854096e+01 1.132135414995629041e+01
1.309858050602097368e-01 2.200046239539942494e+00 2.709593791781380379e+00 2.970394794866342281e+00 3.436370708558942333e+00 4.574893378709962377e+00 5.406642475206462350e+00 8.151476992664594690e+00 8.587779523944188753e+00 9.981981591812788324e+00 1.030303348777508887e+01 1.075934185231169415e+01 1.131660221918442666e+01
1.324913890264190486e-01 2.214339378795917135e+00 2.709503226357533823e+00 2.981046586690995870e+00 3.445632218003122471e+00 4.582681235607054759e+00 5.413305356683097536e+00 8.168358378445313761e+00 8.606145569711095789e+00 9.962588852115322524e+00 1.027915735107968409e+01 1.075470245180073370e+01 1.131217615221166639e+01
1.339969729926283604e-01 2.227602217224496250e+00 2.709455251739010251e+00 2.990870140635442542e+00 3.454179607534758389e+00 4.589722120395304472e+00 5.419206040965937277e+00 8.184469757795636013e+00 8.623920342632747094e+00 9.944245788610706072e+00 1.025644282898079318e+01 1.075041023936995899e+01 1.130808183793355148e+01
1.355025569588376722e-01 2.239808179846957348e+00 2.709441680814112630e+00 2.999859600871050080e+00 3.462006266582760006e+00 4.596045398550169914e+00 5.424397814843906929e+00 8.199694771546948147e+00 8.640939457653749045e+00 9.927050168561498467e+00 1.023502422002823309e+01 1.074647108158518094e+01 1.130432474958336897e+01
1.370081409250469839e-01 2.250932297296881934e+00 2.709454765095907103e+00 3.008009569281668405e+00 3.469106121252778507e+00 4.601678586283501460e+00 5.428931060884964133e+00 8.213916980681792879e+00 8.657034566278152710e+00 9.911100971195219600e+00 1.021504137624446784e+01 1.074289038805611263e+01 1.130090993149585898e+01
1.385137248912562957e-01 2.260951374230188993e+00 2.709487263680589564e+00 3.015315118930653515e+00 3.475473644218931124e+00 4.606647158920826435e+00 5.432852793820734050e+00 8.227021416929565234e+00 8.672035479980905848e+00 9.896496973294846455e+00 1.019663787542453193e+01 1.073967309750824128e+01 1.129784198675792872e+01
1.400193088574656075e-01 2.269844152174257612e+00 2.709532508169423703e+00 3.021771806512437042e+00 3.481103863913015850e+00 4.610974377078639108e+00 5.436206236779967504e+00 8.238896394108602195e+00 8.685772903681613144e+00 9.883335059506560327e+00 1.017995854906057573e+01 1.073682366491420481e+01 1.129512506581320075e+01
1.415248928236749193e-01 2.277591464279442146e+00 2.709584462879635058e+00 3.027375683713303900e+00 3.485992372942946282e+00 4.614681130944260801e+00 5.439030439035775544e+00 8.249435555265870690e+00 8.698081808285774486e+00 9.871708282537126067e+00 1.016514633775022425e+01 1.073434604975987305e+01 1.129276285608328401e+01
1.430304767898842311e-01 2.284176379416682057e+00 2.709637779698610416e+00 3.032123307411592084e+00 3.490135335677669648e+00 4.617785802839364351e+00 5.441359936524324148e+00 8.258540103372286723e+00 8.708805407688720024e+00 9.861703725811691967e+00 1.015233850998588672e+01 1.073224370551498374e+01 1.129075857266399474e+01
1.445360607560935151e-01 2.289584333117147708e+00 2.709687846976828851e+00 3.036011748653693942e+00 3.493529494941541635e+00 4.620304148157297064e+00 5.443224456086321439e+00 8.266121133599591886e+00 8.717799620498823288e+00 9.853400250957848883e+00 1.014166236561574230e+01 1.073051957037185389e+01 1.128911495014940591e+01
1.460416447223028269e-01 2.293803242977398238e+00 2.709730831907772863e+00 3.039038600349162955e+00 3.496172177767560729e+00 4.622249194700509101e+00 5.444648664155954165e+00 8.272101956844036152e+00 8.724937798437531811e+00 9.846866240868129339e+00 1.013323064366622006e+01 1.072917605930894958e+01 1.128783423563090516e+01
1.475472286885121387e-01 2.296823606357723424e+00 2.709763715906940984e+00 3.041201983635834605e+00 3.498061300165757448e+00 4.623631160403468776e+00 5.445651960452425833e+00 8.276420282060104938e+00 8.730115408018855661e+00 9.842157471187276130e+00 1.012713694953661836e+01 1.072821505752830440e+01 1.128691818291188831e+01
1.490528126547214505e-01 2.298638578478505945e+00 2.709784322575893079e+00 3.042500552873875552e+00 3.499195370870385347e+00 4.624457389404473595e+00 5.446248317098772773e+00 8.279030114267838414e+00 8.733254281935538543e+00 9.839315253734383759e+00 1.012345158660620470e+01 1.072763791530790378e+01 1.128636804797209514e+01
1.505583966209307623e-01 2.299244029363476383e+00 2.709791337919733145e+00 3.042933499236517569e+00 3.499573494037246491e+00 4.624732306423132933e+00 5.446446163485171077e+00 8.279903229988466506e+00 8.734306034885277015e+00 9.838364990419751877e+00 1.012221819875201057e+01 1.072744544430129032e+01 1.128618458570853633e+01
1.505583966209307623e-01 2.299244029363476383e+00 2.709791337919733145e+00 3.042933499236517569e+00 3.499573494037246491e+00 4.624732306423132933e+00 5.446446163485171077e+00 8.279903229988466506e+00 8.734306034885277015e+00 9.838364990419751877e+00 1.012221819875201057e+01 1.072744544430129032e+01 1.128618458570853633e+01
1.514276460061265706e-01 2.299244822278557088e+00 2.709763551477695653e+00 3.043223473845727778e+00 3.499894644930979126e+00 4.624701703269947117e+00 5.446396708159855216e+00 8.279866180129763720e+00 8.734250317237483685e+00 9.838314375207961149e+00 1.012217046432451184e+01 1.072744207532698191e+01 1.128617910379360012e+01
1.522968953913223789e-01 2.299247275737539731e+00 2.709680241644307763e+00 3.044093009887539836e+00 3.500857703746850902e+00 4.624609922278510865e+00 5.446248354600378150e+00 8.279755061685092343e+00 8.734083209629210032e+00 9.838162568371885186e+00 1.012202728952402353e+01 1.072743195641005443e+01 1.128616265129479679e+01
1.531661447765181872e-01 2.299251613099659863e+00 2.709541556087370129e+00 3.045540945764117158e+00 3.502461490421147516e+00 4.624457048863242825e+00 5.446001140050559464e+00 8.279569968068337005e+00 8.733804848083796202e+00 9.837909686252098496e+00 1.012178875976868042e+01 1.072741505162979792e+01 1.128613520798956138e+01
1.540353941617139955e-01 2.299258204038891584e+00 2.709347738265114991e+00 3.047565351289926117e+00 3.504704043267778957e+00 4.624243225415066938e+00 5.445655126565004167e+00 8.279311055034451527e+00 8.733415459366762335e+00 9.837555922558642862e+00 1.012145501732900321e+01 1.072739130132254637e+01 1.128609674030523280e+01
1.549046435469098038e-01 2.299267560709586711e+00 2.709099123602484838e+00 3.050163536221542682e+00 3.507582626535952652e+00 4.623968651352169168e+00 5.445210400981393306e+00 8.278978540776741113e+00 8.732915361075436422e+00 9.837101548085783520e+00 1.012102626118896609e+01 1.072736062238696775e+01 1.128604720151584395e+01
1.557738929321056121e-01 2.299280332482189326e+00 2.708796134439618530e+00 3.053332061841824707e+00 3.511093740848135969e+00 4.623633583191748109e+00 5.444667074881617275e+00 8.278572706062343300e+00 8.732304961763736273e+00 9.836546910314780234e+00 1.012050274685254614e+01 1.072732290870937355e+01 1.128598653201688862e+01
1.566431423173014204e-01 2.299297299348525669e+00 2.708439274021235743e+00 3.057066755275012149e+00 3.515233136380316648e+00 4.623238334643565928e+00 5.444025284541663012e+00 8.278093894405165187e+00 8.731584761101515824e+00 9.835892432906909733e+00 1.011988478609691455e+01 1.072727803170721117e+01 1.128591465967683050e+01
1.575123917024972287e-01 2.299319364119090991e+00 2.708029119830019482e+00 3.061362726160508529e+00 3.519995828613644573e+00 4.622783276726193158e+00 5.443285190870168933e+00 8.277542512275189779e+00 8.730755350067513021e+00 9.835138615089331182e+00 1.011917274667366229e+01 1.072722584098804610e+01 1.128583150026431881e+01
1.583816410876930370e-01 2.299347543553566631e+00 2.707566316577393994e+00 3.066214385289438571e+00 3.525376116458206255e+00 4.622268837907196115e+00 5.442446979335533008e+00 8.276919029343003942e+00 8.729817411174916941e+00 9.834286030937224865e+00 1.011836705195976194e+01 1.072716616512109056e+01 1.128573695794969467e+01
1.592508904728888453e-01 2.299382958580273417e+00 2.707051569152743475e+00 3.071615464808283846e+00 3.531367602526521043e+00 4.621695504268531707e+00 5.441510859881368845e+00 8.276223978758119770e+00 8.728771718728170370e+00 9.833335328555939725e+00 1.011746818056034058e+01 1.072709881251766362e+01 1.128563092587897820e+01
1.601201398580846536e-01 2.299426823770216011e+00 2.706485635800826017e+00 3.077559039614327752e+00 3.537963215316375809e+00 4.621063819698884245e+00 5.440477066830254671e+00 8.275457957459304126e+00 8.727619139109529911e+00 9.832287229167553377e+00 1.011647666586552674e+01 1.072702357241661808e+01 1.128551328681848709e+01
1.609893892432804618e-01 2.299480436236578829e+00 2.705869321751662060e+00 3.084037549603497297e+00 3.545155233050616861e+00 4.620374386114607823e+00 5.439345858775483933e+00 8.274621626514967687e+00 8.726360631093552200e+00 9.831142526106633639e+00 1.011539309556397903e+01 1.072694021597029668e+01 1.128538391386791595e+01
1.618586386284762701e-01 2.299545164131121755e+00 2.705203473473829501e+00 3.091042822476791851e+00 3.552935308914765056e+00 4.619627863711432525e+00 5.438117518460733102e+00 8.273715711491398395e+00 8.724997246187474076e+00 9.829902083730523543e+00 1.011421811111604541e+01 1.072684849742611135e+01 1.128524267123955127e+01
1.627278880136720784e-01 2.299622434905304047e+00 2.704488973665558404e+00 3.098566096861284702e+00 3.561294497432062833e+00 4.618824971249121170e+00 5.436792352647366044e+00 8.272741002846251135e+00 8.723530128995202304e+00 9.828566836249855498e+00 1.011295240718965971e+01 1.072674815539868298e+01 1.128508941510091113e+01
1.635971373988678867e-01 2.299713723496468631e+00 2.703726737044048090e+00 3.106598045551193898e+00 3.570223281719213659e+00 4.617966486371476442e+00 5.435370691969155565e+00 8.271698356344456826e+00 8.721960517602120433e+00 9.827137786485355520e+00 1.011159673106242884e+01 1.072663891422694427e+01 1.128492399447831573e+01
1.644663867840636950e-01 2.299820540588641382e+00 2.702917706944934828e+00 3.115128798719581038e+00 3.579711601374057750e+00 4.617053245964521935e+00 5.433852890774287125e+00 8.270588693493392540e+00 8.720289743977929220e+00 9.825616004557437222e+00 1.011015188199369419e+01 1.072652048541045744e+01 1.128474625221809902e+01
1.653356361692595033e-01 2.299944421083834456e+00 2.702062852703437823e+00 3.124147966989929248e+00 3.589748880758223404e+00 4.616086146555579361e+00 5.432239326954300118e+00 8.269413001993775936e+00 8.718519234394081607e+00 9.824002626515266456e+00 1.010861871057035088e+01 1.072639256911893924e+01 1.128455602600271490e+01
1.662048855544553116e-01 2.300086912904479863e+00 2.701163167757973493e+00 3.133644664287790427e+00 3.600324057452733761e+00 4.615066144756444722e+00 5.430530401759853909e+00 8.268172336202434636e+00 8.716650509852122752e+00 9.822298852912403788e+00 1.010699811803083215e+01 1.072625485576886284e+01 1.128435314941822298e+01
1.670741349396511199e-01 2.300249566230326614e+00 2.700219668395290817e+00 3.143607530415474027e+00 3.611425610681838538e+00 4.613994257753890160e+00 5.428726539602980239e+00 8.266867817602680191e+00 8.714685186518918769e+00 9.820505947336217289e+00 1.010529105557158758e+01 1.072610702766061763e+01 1.128413745306991878e+01
1.679433843248469282e-01 2.300433923255844171e+00 2.699233393043448448e+00 3.154024753308173779e+00 3.623041589519311323e+00 4.612871563851024703e+00 5.426828187845758045e+00 8.265500635277613029e+00 8.712624976164114798e+00 9.818625234898583187e+00 1.010349852364070422e+01 1.072594876067002723e+01 1.128390876574257184e+01
1.688126337100427365e-01 2.300641508535975710e+00 2.698205402013750476e+00 3.164884090939415362e+00 3.635159640711652873e+00 4.611699203063104768e+00 5.424835816575051872e+00 8.264072046381302883e+00 8.710471686594930318e+00 9.816658100695491385e+00 1.010162157122370630e+01 1.072577972598749163e+01 1.128366691560159474e+01
1.696818830952385448e-01 2.300873819970973955e+00 2.697136777593481138e+00 3.176172892847688001e+00 3.647767035973163097e+00 4.610478377771705993e+00 5.422749918363355626e+00 8.262583376602320229e+00 8.708227222082781438e+00 9.814605988243332746e+00 1.009966129512651989e+01 1.072559959189836398e+01 1.128341173143160070e+01
1.705511324804343531e-01 2.301132320464122305e+00 2.696028624396618056e+00 3.187878121257053277e+00 3.660850698628339561e+00 4.609210353441127062e+00 5.420571008015408587e+00 8.261036020613573783e+00 8.705893583775646150e+00 9.812470397899732077e+00 1.009761883926096182e+01 1.072540802559792716e+01 1.128314304390837819e+01
1.714203818656301614e-01 2.301418430270865123e+00 2.694882069888178133e+00 3.199986371763055448e+00 3.674397229497188722e+00 4.607896459401202627e+00 5.418299622300684959e+00 8.259431442502018328e+00 8.703472870089674629e+00 9.810252885276891988e+00 1.009549539393831630e+01 1.072520469503458607e+01 1.128286068690064958e+01
1.722896312508259697e-01 2.301733520043704129e+00 2.693698265008027004e+00 3.212483893552696923e+00 3.688392931938158981e+00 4.606538089700582539e+00 5.415936319671649457e+00 8.257771176171180727e+00 8.700967277072827244e+00 9.807955059655428798e+00 1.009329219517668186e+01 1.072498927077474917e+01 1.128256449879753909e+01
1.731588806360217780e-01 2.302078904564983652e+00 2.692478384830973237e+00 3.225356609124538032e+00 3.702823835981480460e+00 4.605136704034801021e+00 5.413481679967840243e+00 8.256056825709016778e+00 8.698379098732722525e+00 9.805578582406724308e+00 1.009101052402798082e+01 1.072476142788321418e+01 1.128225432385795735e+01
1.740281300212175863e-01 2.302455837148806861e+00 2.691223629211041413e+00 3.238590133472730059e+00 3.717675721502449626e+00 4.603693828753242734e+00 5.410936304106041206e+00 8.254290065712913460e+00 8.695710727320257405e+00 9.803125165431827881e+00 1.008865170593073657e+01 1.072452084781279957e+01 1.128193001357798764e+01
1.748973794064133946e-01 2.302865504684651565e+00 2.689935223368179695e+00 3.252169792697565676e+00 3.732934140399503775e+00 4.602211057949093131e+00 5.408300813756672376e+00 8.252472641563169731e+00 8.692964653559723587e+00 9.800596569624905996e+00 1.008621711009485900e+01 1.072426722029721802e+01 1.128159142807210991e+01
1.757666287916092029e-01 2.303309023287953394e+00 2.688614418385197880e+00 3.266080642004820955e+00 3.748584437755570153e+00 4.600690054636380033e+00 5.405575851006940269e+00 8.250606369635738346e+00 8.690143466815600348e+00 9.797994603369172495e+00 1.008370814892484724e+01 1.072400024524136342e+01 1.128123843746462462e+01
1.766358781768050112e-01 2.303787434517556854e+00 2.687262491591074998e+00 3.280307483057492313e+00 3.764611771973569887e+00 4.599132552017605846e+00 5.402762078011264180e+00 8.248693137444140788e+00 8.687249855185177339e+00 9.795321121073305548e+00 1.008112627748799461e+01 1.072371963460334499e+01 1.128087092328704344e+01
1.775051275620008195e-01 2.304301702115965966e+00 2.685880746813929409e+00 3.294834880645765463e+00 3.781001133887513355e+00 4.597540354845473409e+00 5.399860176629755593e+00 8.246734903700119190e+00 8.684286605505628032e+00 9.792578021756073170e+00 1.007847299303429978e+01 1.072342511426275280e+01 1.128048877987772336e+01
1.783743769471966278e-01 2.304852709225987617e+00 2.684470514492892423e+00 3.309647178644811394e+00 3.797737364860023668e+00 4.595915340881468580e+00 5.396870848055896452e+00 8.244733698281807577e+00 8.681256603262998084e+00 9.789767247687130691e+00 1.007574983457499940e+01 1.072311642587005842e+01 1.128009191577977610e+01
1.792436263323924361e-01 2.305441256035937858e+00 2.683033151642918668e+00 3.324728515234364412e+00 3.814805173884828093e+00 4.594259462453362808e+00 5.393794812434491881e+00 8.242691622097334303e+00 8.678162832389880066e+00 9.786890783091473978e+00 1.007295838252664666e+01 1.072279332867194768e+01 1.127968025513336592e+01
1.801128757175882444e-01 2.306068057805831462e+00 2.681570041670432669e+00 3.340062837359980552e+00 3.832189153719697039e+00 4.592574748113006144e+00 5.390632808471763404e+00 8.240610846831476266e+00 8.675008374937632993e+00 9.783950652925373248e+00 1.007010025842797063e+01 1.072245560130794040e+01 1.127925373905875617e+01
1.809821251027840527e-01 2.306733743227498579e+00 2.680082594040579469e+00 3.355633914421708219e+00 3.849873796080393262e+00 4.590863304394408040e+00 5.387385593039446974e+00 8.238493614561992473e+00 8.671796410607866434e+00 9.780948921731152268e+00 1.006717712473669835e+01 1.072210304357364841e+01 1.127881232702607939e+01
1.818513744879798610e-01 2.307438853073427332e+00 2.678572243799065333e+00 3.371425351183200192e+00 3.867843505930979475e+00 4.589127317670863349e+00 5.384053940775463509e+00 8.236342237231571772e+00 8.668530216127205534e+00 9.777887692578293155e+00 1.006419068471375233e+01 1.072173547814639072e+01 1.127835599820847001e+01
1.827206238731756693e-01 2.308183839091404010e+00 2.677040450953010353e+00 3.387420599901469043e+00 3.886082614909089461e+00 4.587369056107958087e+00 5.380638643684132916e+00 8.234159095960887242e+00 8.665213164448068994e+00 9.774769106098164073e+00 1.006114268240228782e+01 1.072135275226903239e+01 1.127788475281464819e+01
1.835898732583714776e-01 2.308969063104564068e+00 2.675488699716506602e+00 3.403602971685415035e+00 3.904575393927384397e+00 4.585590871707157845e+00 5.377140510739556234e+00 8.231946640187167930e+00 8.661848723757341162e+00 9.771595339619574716e+00 1.005803490270914224e+01 1.072095473938819055e+01 1.127739861339760097e+01
1.844591226435672859e-01 2.309794796279843521e+00 2.673918497626979196e+00 3.419955647099483187e+00 3.923306064994499742e+00 4.583795202432088267e+00 5.373560367496629020e+00 8.229707386612474806e+00 8.658440456273803321e+00 9.768368606412256128e+00 1.005486917159642246e+01 1.072054134074314291e+01 1.127689762613572633e+01
1.853283720287630942e-01 2.310661218530917438e+00 2.672331374538960524e+00 3.436461686037243890e+00 3.942258812299652693e+00 4.581984574406202881e+00 5.369899055714779657e+00 8.227443917944741614e+00 8.654992016813970679e+00 9.765091155045173110e+00 1.005164735639084483e+01 1.072011248690198926e+01 1.127638186208324811e+01
1.861976214139589025e-01 2.311568418025281346e+00 2.670728881501969187e+00 3.453104036898758000e+00 3.961417792605944843e+00 4.580161604166704592e+00 5.366157433000707577e+00 8.225158881414385448e+00 8.651507151105187532e+00 9.761765268866573919e+00 1.004837136621871707e+01 1.071966813924186468e+01 1.127585141838628857e+01
1.870668707991547108e-01 2.312516390768639241e+00 2.669112589529151425e+00 3.469865545114799055e+00 3.980767144997228169e+00 4.578329000954986405e+00 5.362336372477567892e+00 8.222854987048501485e+00 8.647989693823552315e+00 9.758393265612463452e+00 1.004504315257441149e+01 1.071920829137012632e+01 1.127530641946170142e+01
1.879361201843505191e-01 2.313505040243148958e+00 2.667484088263168296e+00 3.486728961070842736e+00 4.000291000022896171e+00 4.576489569018059811e+00 5.358436762489154681e+00 8.220535005684102003e+00 8.644443566333416484e+00 9.754977497149980081e+00 1.004166471003010308e+01 1.071873297048370155e+01 1.127474701813522628e+01
1.888053695695463274e-01 2.314534177079707877e+00 2.665844984545730156e+00 3.503676947494248850e+00 4.019973488283985930e+00 4.574646209889003501e+00 5.354459506349601661e+00 8.218201766701470845e+00 8.640872774104156662e+00 9.751520349362220230e+00 1.003823807709475702e+01 1.071824223866392245e+01 1.127417339673610108e+01
1.896746189547421357e-01 2.315603518747333833e+00 2.664196900896714126e+00 3.520692086379028751e+00 4.039798748502374970e+00 4.572801924606522128e+00 5.350405522150487592e+00 8.215858155458150236e+00 8.637281403778953148e+00 9.748024242180575172e+00 1.003476533723015329e+01 1.071773619410434186e+01 1.127358576814511970e+01
1.905438683399379440e-01 2.316712689246273715e+00 2.662541473908793588e+00 3.537756885534853346e+00 4.059750935112817594e+00 4.570959815824577888e+00 5.346275742639840622e+00 8.213507110403760691e+00 8.633673619869478344e+00 9.744491629770713814e+00 1.003124862003173767e+01 1.071721497226919162e+01 1.127298437679319143e+01
1.914131177251337523e-01 2.317861218794066591e+00 2.660880352563071316e+00 3.554853784859905108e+00 4.079814225414954976e+00 4.569123089752289424e+00 5.342071115189665598e+00 8.211151619855685979e+00 8.630053661049620572e+00 9.740925000878023710e+00 1.002769010258217897e+01 1.071667874698035483e+01 1.127236949960775192e+01
1.922823671103295606e-01 2.319048543496573078e+00 2.659215196471054199e+00 3.571965162451637532e+00 4.099972826319262076e+00 4.567295057851923801e+00 5.337792601871679921e+00 8.208794718415292735e+00 8.626425836020535698e+00 9.737326879338011665e+00 1.002409201098505598e+01 1.071612773143071351e+01 1.127174144690425095e+01
1.931516164955253689e-01 2.320274004998700068e+00 2.657547674048143627e+00 3.589073340685406510e+00 4.120210980717048166e+00 4.565479138208343279e+00 5.333441179664392351e+00 8.206439483004514202e+00 8.622794518918952988e+00 9.733699824757104935e+00 1.002045662208633026e+01 1.071556217912207565e+01 1.127110056322021059e+01
1.940208658807211772e-01 2.321536850111432848e+00 2.655879460623514543e+00 3.606160592408342414e+00 4.140512973500064753e+00 4.563678856466883538e+00 5.329017840818469409e+00 8.204089028502663083e+00 8.619164144239984893e+00 9.730046433368718439e+00 1.001678626539084149e+01 1.071498238472581832e+01 1.127044722808932775e+01
1.948901152659169855e-01 2.322836230414371705e+00 2.654212236491264143e+00 3.623209147415284548e+00 4.160863137249821264e+00 4.561897846217841668e+00 5.324523593412096467e+00 8.201746502963453977e+00 8.615539201245534073e+00 9.726369339069339759e+00 1.001308332518082267e+01 1.071438868486462503e+01 1.126978185675329058e+01
1.957593646511127938e-01 2.324171201834348555e+00 2.652547684907504699e+00 3.640201199395060261e+00 4.181245857610531580e+00 4.560139848684665154e+00 5.319959462133485140e+00 8.199415082392942367e+00 8.611924227829247158e+00 9.722671214638868520e+00 1.000935024284328634e+01 1.071378145881375410e+01 1.126910490080900473e+01
1.966286140363086021e-01 2.325540724202882714e+00 2.650887490038109640e+00 3.657118913558701223e+00 4.201645578351900667e+00 4.558408711549139625e+00 5.315326489333953575e+00 8.197097965069419345e+00 8.608323803809161845e+00 9.718954773149008020e+00 1.000558951941257746e+01 1.071316112912039209e+01 1.126841684878914585e+01
1.974978634215044104e-01 2.326943660796044089e+00 2.649233334861598621e+00 3.673944435187013635e+00 4.222046806119392315e+00 4.556708386720839776e+00 5.310625736402534436e+00 8.194798365387228500e+00 8.604742543619366302e+00 9.715222769563045091e+00 1.000180371833409865e+01 1.071252816213980452e+01 1.126771822667388179e+01
1.983671128067002187e-01 2.328378777862350368e+00 2.647586899031926233e+00 3.690659899362526808e+00 4.242434114859274352e+00 4.555042926829367289e+00 5.305858285521902751e+00 8.192519507207654428e+00 8.601185088372881538e+00 9.711478002529752018e+00 9.997995468454593748e+00 1.071188306848693195e+01 1.126700959833193849e+01
1.992363621918960270e-01 2.329844744144836444e+00 2.645949856705707592e+00 3.707247442180385821e+00 4.262792149893672722e+00 4.553416480187236104e+00 5.301025241875731986e+00 8.190264616701181666e+00 8.597656097268780329e+00 9.707723316373492395e+00 9.994167467243858738e+00 1.071122640340242249e+01 1.126629156588916558e+01
2.001056115770918353e-01 2.331340130404697231e+00 2.644323874338606384e+00 3.723689213763580863e+00 4.283105631606702879e+00 4.551833283938769625e+00 5.296127736389772522e+00 8.188036914667060628e+00 8.594160238317902767e+00 9.703961603281854309e+00 9.990322484251878521e+00 1.071055876703196752e+01 1.126556477002285384e+01
2.009748609622876436e-01 2.332863408954677364e+00 2.642710608455649535e+00 3.739967393439425081e+00 4.303359358686162039e+00 4.550297655076967374e+00 5.291166929103479966e+00 8.185839608318138616e+00 8.590702178363290642e+00 9.700195805691446793e+00 9.986463364804816223e+00 1.070988080461800251e+01 1.126482989018036562e+01
2.018441103474834519e-01 2.334412953210962982e+00 2.641111703400323307e+00 3.756064207465172000e+00 4.323538210845565999e+00 4.548813978976984806e+00 5.286144013285894339e+00 8.183675882520837774e+00 8.587286572373514559e+00 9.696428918871323077e+00 9.982593033941975946e+00 1.070919320660295782e+01 1.126408764472048318e+01
2.027133597326792602e-01 2.335987037273161260e+00 2.639528789067421943e+00 3.771961949719823348e+00 4.343627150928424108e+00 4.547386695063364570e+00 5.281060220430122243e+00 8.181548890483089309e+00 8.583918051989723352e+00 9.692663993702725023e+00 9.978714500595062376e+00 1.070849670864329539e+01 1.126333879097630053e+01
2.035826091178750685e-01 2.337583835541931609e+00 2.637963478624729685e+00 3.787643005804297136e+00 4.363611226269319410e+00 4.546020279199900038e+00 5.275916826284312577e+00 8.179461743885456215e+00 8.580601213310330877e+00 9.688904139652493086e+00 9.974830862009648413e+00 1.070779209153364242e+01 1.126258412523848484e+01
2.044518585030708768e-01 2.339201422384785900e+00 2.636417366228758663e+00 3.803089881010800699e+00 4.383475569154276386e+00 4.544719222369407063e+00 5.270715158106222376e+00 8.177417502454471077e+00 8.577340603900927007e+00 9.685152527936322642e+00 9.970945308407296537e+00 1.070708018104055625e+01 1.126182448265781666e+01
2.053211078882666851e-01 2.340837771860259320e+00 2.634892024739925454e+00 3.818285232631150716e+00 4.403205396184873166e+00 4.543488005198226709e+00 5.265456603362262733e+00 8.175419162980315235e+00 8.574140709021145668e+00 9.681412394866518056e+00 9.967061127885248339e+00 1.070636184764545007e+01 1.126106073706620059e+01
2.061903572734624934e-01 2.342490757511278332e+00 2.633389003442633047e+00 3.833211907069211222e+00 4.422786006305477358e+00 4.542331067881149487e+00 5.260142620133059665e+00 8.173469647785520209e+00 8.571005937065271141e+00 9.677687045377439290e+00 9.963181711548662278e+00 1.070563800619638251e+01 1.126029380071548402e+01
2.070596066586583017e-01 2.344158152238256854e+00 2.631909825775876843e+00 3.847852982199762906e+00 4.442202777199460328e+00 4.541252775081421333e+00 5.254774749536279543e+00 8.171571792655454303e+00 8.567940604218545531e+00 9.673979856719965298e+00 9.959310558868310181e+00 1.070490961546856035e+01 1.125952462393345321e+01
2.079288560438541100e-01 2.345837628262879893e+00 2.630455987080253077e+00 3.862191815370083159e+00 4.461441159696528658e+00 4.540257375422163122e+00 5.249354630536490873e+00 8.169728334246480372e+00 8.564948918337700334e+00 9.670294282314499057e+00 9.955451283254319605e+00 1.070417767763347427e+01 1.125875419469668159e+01
2.087981054290499183e-01 2.347526757193123537e+00 2.629028952367161054e+00 3.876212097365788978e+00 4.480486669757342888e+00 4.539348955255888107e+00 5.243884017582080226e+00 8.167941896992743978e+00 8.562034962070731225e+00 9.666633855749850568e+00 9.951607617833950314e+00 1.070344323763681338e+01 1.125798353812002262e+01
2.096673548142457266e-01 2.349223010200191197e+00 2.627630154116303185e+00 3.889897912553512249e+00 4.499324877511029719e+00 4.538531386503179554e+00 5.238364801594445730e+00 8.166214979538535701e+00 8.559202675238900326e+00 9.663002194913183018e+00 9.947783421418398220e+00 1.070270738248538578e+01 1.125721371586281805e+01
2.105366041994415349e-01 2.350923758317892354e+00 2.626260990107633475e+00 3.903233805264468614e+00 4.517941392712686799e+00 4.537808268495036934e+00 5.232799034936808980e+00 8.164549940728932143e+00 8.556455836511958069e+00 9.659403006233514333e+00 9.943982684640428005e+00 1.070197124044350190e+01 1.125644582545179873e+01
2.114058535846373432e-01 2.352626272874563718e+00 2.624922821293967257e+00 3.916204852291196747e+00 4.536321845858303448e+00 4.537182863940435240e+00 5.227188961113372834e+00 8.162948985198310581e+00 8.553798044416900836e+00 9.655840089018791872e+00 9.940209536241052746e+00 1.070123598013937283e+01 1.125568099952128165e+01
2.122751029698331515e-01 2.354327726067666493e+00 2.623616969720653280e+00 3.928796741132150938e+00 4.536658029372864220e+00 4.554451864039108067e+00 5.221537050098067567e+00 8.161414148602789354e+00 8.551232697730227983e+00 9.652317339863492052e+00 9.936468249479441184e+00 1.070050280958229649e+01 1.125492040497108448e+01
2.131443523550289598e-01 2.356025191690696907e+00 2.622344716498674622e+00 3.940995853336024535e+00 4.536236140707298858e+00 4.572317040431413737e+00 5.215846040371268089e+00 8.159947282550191971e+00 8.548762975314190271e+00 9.648838757100673291e+00 9.932763248635954056e+00 1.069977297509167968e+01 1.125416524204295676e+01
2.140136017402247681e-01 2.357715646021874889e+00 2.621107299837640792e+00 3.952789351974429266e+00 4.535919014857081599e+00 4.589902896095591878e+00 5.210118988957850306e+00 8.158550039288519073e+00 8.546391815468805220e+00 9.645408445268991215e+00 9.929099115573416512e+00 1.069904776013892622e+01 1.125341674331664699e+01
2.148828511254205764e-01 2.359395968883330141e+00 2.619905913145204046e+00 3.964165271916147759e+00 4.535707828710051182e+00 4.607194832492661263e+00 5.204359331017722745e+00 8.157223856221561320e+00 8.544121894883073054e+00 9.642030619561694493e+00 9.925480596316475612e+00 1.069832848410369586e+01 1.125267617262656650e+01
2.157521005106163847e-01 2.361062944879593672e+00 2.618741703199372051e+00 3.975112611204338009e+00 4.535603037130245596e+00 4.624178072812563656e+00 5.198570950847143379e+00 8.155969940328485990e+00 8.541955607281323637e+00 9.638709610220763224e+00 9.921912607603378120e+00 1.069761650094605088e+01 1.125194482390076800e+01
2.166213498958121930e-01 2.362713264823271597e+00 2.617615768400144205e+00 3.985621421468797276e+00 4.535604292015227301e+00 4.640837589837610189e+00 5.192758266511887655e+00 8.154789252572163250e+00 8.539895041873567294e+00 9.635449866835489985e+00 9.918400243358313162e+00 1.069691319779631478e+01 1.125122401992367749e+01
2.174905992810080013e-01 2.364343527355497354e+00 2.616529157107062797e+00 3.995682894965812970e+00 4.535710364774067749e+00 4.657158017634097646e+00 5.186926330756838510e+00 8.153682492389203063e+00 8.537941961731860374e+00 9.632255962500586577e+00 9.914948781026049929e+00 1.069621999346476393e+01 1.125051511102455137e+01
2.183598486662038096e-01 2.365950240768128765e+00 2.615482866068854051e+00 4.005289445556991623e+00 4.535919074867030609e+00 4.673123543872844010e+00 5.181080951321274775e+00 8.152650082362924877e+00 8.536097782228434738e+00 9.629132597784584746e+00 9.911563687703607073e+00 1.069553833687333899e+01 1.124981947369375668e+01
2.192290980513996179e-01 2.367529825033969360e+00 2.614477838951547728e+00 4.014434780748826093e+00 4.536227227233515791e+00 4.688717779033769517e+00 5.175228834328175154e+00 8.151692153188413670e+00 8.534363549685048511e+00 9.626084604454876015e+00 9.908250625996332772e+00 1.069486970541201387e+01 1.124913850912926350e+01
2.200983474365954262e-01 2.369078614050934561e+00 2.613514964971188625e+00 4.023113961847191611e+00 4.536630561497994485e+00 4.703923598172095488e+00 5.169377754986802742e+00 8.150808529046635442e+00 8.532739920396753774e+00 9.623116948901271783e+00 9.905015459518178744e+00 1.069421560322250642e+01 1.124847364171575848e+01
2.209675968217912345e-01 2.370592858104908274e+00 2.612595077637065000e+00 4.031323449362251843e+00 4.537123715758887954e+00 4.718722950362452373e+00 5.163536760403355075e+00 8.149998713512134785e+00 8.531227140206917525e+00 9.620234735195271725e+00 9.901864257947865511e+00 1.069357755941245536e+01 1.124782631743939731e+01
2.218368462069870428e-01 2.372068726555792484e+00 2.611718953611305682e+00 4.039061131047013475e+00 4.537700207514297368e+00 4.733096630484752154e+00 5.157716409741466279e+00 8.149261876125882154e+00 8.529825024823553647e+00 9.617443207717840892e+00 9.898803301544369049e+00 1.069295712620327521e+01 1.124719800224107225e+01
2.227060955921828511e-01 2.373502310750131628e+00 2.610887311690281987e+00 4.046326330372236768e+00 4.538352433856386092e+00 4.747024007835277892e+00 5.151929057150567814e+00 8.148596839771123257e+00 8.528532941079649987e+00 9.614747753283928944e+00 9.895839085016978842e+00 1.069235587701523471e+01 1.124659018031142210e+01
2.235753449773786594e-01 2.374889627163032202e+00 2.610100811913254493e+00 4.053119793822022032e+00 4.539071692482493425e+00 4.760482706416770959e+00 5.146189182506028637e+00 8.148002068995912950e+00 8.527349789352035359e+00 9.612153902687794016e+00 9.892978320636661493e+00 1.069177540449356911e+01 1.124600435233117146e+01
2.244445943625744677e-01 2.376226620771149101e+00 2.609360054803119944e+00 4.059443656111713317e+00 4.539848224352598827e+00 4.773448233135609620e+00 5.140513773628285321e+00 8.147475659430687855e+00 8.526273987364062279e+00 9.609667331589168526e+00 9.890227940467262613e+00 1.069121731847957335e+01 1.124544203366031425e+01
2.253138437477702760e-01 2.377509168657645500e+00 2.608665580744028212e+00 4.065301383241850530e+00 4.540671278009761558e+00 4.785893553224408237e+00 5.134922760556555943e+00 8.147015328453127481e+00 8.525303455606689340e+00 9.607293860656772821e+00 9.887595097587482229e+00 1.069068324393096958e+01 1.124490475248009069e+01
2.261830931329660843e-01 2.378733083849048136e+00 2.608017869500122821e+00 4.070697694155436253e+00 4.541529194726795282e+00 4.797788618083292711e+00 5.129439496577504087e+00 8.146618407254784699e+00 8.524435604620233420e+00 9.605039454882581040e+00 9.885087166166902861e+00 1.069017481879602904e+01 1.124439404789185915e+01
2.270523425181618926e-01 2.379894119382939710e+00 2.607417339879337881e+00 4.075638462601596679e+00 4.542409512807646266e+00 4.809099860910867719e+00 5.124091270532736608e+00 8.146281834465300520e+00 8.523667324384607724e+00 9.602910221977934313e+00 9.882711740253272481e+00 1.068969369184606144e+01 1.124391146797690944e+01
2.279215919033577009e-01 2.380987972604373226e+00 2.606864349545806814e+00 4.080130601566435367e+00 4.543299088615754044e+00 4.819789691954885491e+00 5.118909818472285878e+00 8.146002151489424747e+00 8.522994976069204753e+00 9.600912409761017230e+00 9.880476631122675713e+00 1.068924152047128651e+01 1.124345856782186814e+01
2.287908412885535092e-01 2.382010289687838789e+00 2.606359194983806749e+00 4.084181933258881791e+00 4.544184231277281327e+00 4.829816050177733189e+00 5.113931777760047481e+00 8.145775499709760226e+00 8.522414386393883490e+00 9.599052402444602450e+00 9.878389863040519359e+00 1.068881996844499049e+01 1.124303690751402840e+01
2.296600906737493175e-01 2.382956670380547592e+00 2.605902111615925332e+00 4.087801048094632073e+00 4.545050847555051732e+00 4.839132103344394586e+00 5.109198991529892986e+00 8.145597619704126657e+00 8.521920844849951493e+00 9.597336715733852941e+00 9.876459667279240406e+00 1.068843070366139791e+01 1.124264805011146073e+01
2.305293400589451258e-01 2.383822672961547706e+00 2.605493274077400390e+00 4.090997156381076749e+00 4.545884593133459717e+00 4.847686233591465665e+00 5.104758526346507175e+00 8.145463852619899470e+00 8.521509104023831327e+00 9.595771990645623362e+00 9.874694474238802755e+00 1.068807539585247213e+01 1.124229355959258037e+01
2.313985894441409341e-01 2.384603819410129333e+00 2.605132796648179649e+00 4.093779936464271962e+00 4.546671026501237556e+00 4.855422494823224078e+00 5.100662216645927671e+00 8.145369143839396031e+00 8.521173383255886691e+00 9.594364985964585202e+00 9.873102903518926610e+00 1.068775571428930959e+01 1.124197499879019091e+01
2.322678388293367424e-01 2.385295600775881208e+00 2.604820733843647318e+00 4.096159382967880624e+00 4.547395761755650412e+00 4.862281766665931926e+00 5.096965511154307293e+00 8.145308049059192257e+00 8.520907375852504018e+00 9.593122569256660626e+00 9.871693751798083838e+00 1.068747332547366291e+01 1.124169392731490902e+01
2.331370882145325507e-01 2.385893482741250793e+00 2.604557081164361687e+00 4.098145658460059515e+00 4.548044616952148012e+00 4.868203828622132079e+00 5.093725397583606096e+00 8.145274742892867792e+00 8.520704260050644407e+00 9.592051706367517028e+00 9.870475978383602467e+00 1.068722989082541730e+01 1.124145189947313206e+01
2.340063375997283590e-01 2.386392911366721936e+00 2.604341776004509779e+00 4.099748951464373903e+00 4.548603755049835051e+00 4.873130496954129143e+00 5.090997263026436848e+00 8.145263030090509559e+00 8.520556713909826385e+00 9.591159449343260590e+00 9.869458688310796646e+00 1.068702706437164096e+01 1.124125046218454749e+01
2.348755869849241673e-01 2.386789319007117438e+00 2.604174698718303205e+00 4.100979343227730389e+00 4.549059815013881014e+00 4.877009767992018574e+00 5.088830746318691922e+00 8.145266359449554017e+00 8.520456934277557792e+00 9.590452922721949491e+00 9.868651112886658083e+00 1.068686649044318848e+01 1.124109115290434602e+01
2.357448363701199756e-01 2.387078130386597330e+00 2.604055673842665897e+00 4.101846685114861835e+00 4.549400031187237126e+00 4.879800593635627237e+00 5.087264956577697284e+00 8.145277840469901776e+00 8.520396659939716955e+00 9.589939308158484721e+00 9.868062587596144297e+00 1.068674980138456654e+01 1.124097549755533265e+01
2.366140857553157839e-01 2.387254768818736661e+00 2.603984471474158457e+00 4.102360487953621515e+00 4.549612339597047139e+00 4.881477553646904610e+00 5.086323793309609265e+00 8.145290262782367563e+00 8.520367199027365501e+00 9.589625827361739852e+00 9.867702527316248862e+00 1.068667861528292917e+01 1.124090500847488627e+01
2.374833351405115922e-01 2.387314662556744516e+00 2.603960808797216142e+00 4.102529824141836201e+00 4.549685470383419528e+00 4.882034447617509265e+00 5.086012345206119001e+00 8.145296118352447934e+00 8.520359460706355748e+00 9.589519723341267010e+00 9.867580398815322340e+00 1.068665453372187280e+01 1.124088118238196543e+01
2.374833351405115922e-01 2.387314662556744516e+00 2.603960808797216142e+00 4.102529824141836201e+00 4.549685470383419528e+00 4.882034447617509265e+00 5.086012345206119001e+00 8.145296118352447934e+00 8.520359460706355748e+00 9.589519723341267010e+00 9.867580398815322340e+00 1.068665453372187280e+01 1.124088118238196543e+01
2.392218338337886441e-01 2.387065992547074966e+00 2.604054716896766042e+00 4.101868698425024995e+00 4.549373545269306263e+00 4.879866419407568046e+00 5.087197744044462233e+00 8.145256761196547401e+00 8.520371013536491844e+00 9.589958599991202703e+00 9.868087879832742715e+00 1.068675399477993437e+01 1.124097941592398264e+01
2.409603325270656682e-01 2.386295893121864964e+00 2.604334144617604263e+00 4.099924220939223041e+00 4.548392599835402450e+00 4.873631770815976871e+00 5.090484726220328326e+00 8.145094766115226648e+00 8.520352081822631263e+00 9.591313491842065275e+00 9.869660589771953596e+00 1.068706058390864122e+01 1.124128178404323464e+01
2.426988312203427200e-01 2.384968638330428714e+00 2.604795113604297274e+00 4.096746185360718329e+00 4.546687256119827936e+00 4.863853132387135680e+00 5.095355185708068113e+00 8.144742234887976551e+00 8.520219766134605521e+00 9.593640823643019289e+00 9.872372721351055702e+00 1.068758629882489508e+01 1.124179949771148834e+01
2.444373299136197442e-01 2.383049219280976239e+00 2.605432993495665261e+00 4.092372291374483773e+00 4.544219029443461011e+00 4.851090572155228209e+00 5.101258709485139597e+00 8.144129525359018018e+00 8.519889201045014460e+00 9.596995028553374496e+00 9.876295796133266691e+00 1.068834267133929394e+01 1.124254333431006359e+01
2.461758286068967960e-01 2.380503559855430495e+00 2.606242581956659699e+00 4.086827796348012853e+00 4.540966259935389715e+00 4.835839096426466810e+00 5.107714439826118280e+00 8.143186521907987085e+00 8.519275431194362369e+00 9.601427621548330293e+00 9.881497259460187976e+00 1.068934070699950745e+01 1.124352358225805304e+01
2.479143273001738479e-01 2.377298729586908355e+00 2.607218190856825935e+00 4.080125692250021530e+00 4.536923469379205542e+00 4.818490734475314063e+00 5.114348288812545995e+00 8.141843989269537119e+00 8.518295404499447443e+00 9.606986236830287851e+00 9.888039025167126184e+00 1.069059082919072701e+01 1.124474998945082049e+01
2.496528259934508720e-01 2.373403150854044075e+00 2.608353737399727645e+00 4.072267321404682505e+00 4.532100238963956862e+00 4.799337649935929484e+00 5.120889078134299055e+00 8.140034966746691580e+00 8.516870007271602816e+00 9.613713663348358196e+00 9.895976031551043661e+00 1.069210282815645918e+01 1.124623171592742565e+01
2.513913246867279239e-01 2.368786797549186307e+00 2.609642838887611838e+00 4.063243364134764946e+00 4.526519684936871180e+00 4.778591076873683896e+00 5.127148823237383191e+00 8.137696154708169871e+00 8.514926057293028094e+00 9.621646916941420713e+00 9.905354877658909984e+00 1.069388581531801030e+01 1.124797729111609357e+01
2.531298233800049480e-01 2.363421382456839304e+00 2.611078909707365892e+00 4.053035148366626039e+00 4.520216592624731078e+00 4.756402118092542430e+00 5.133001141781042165e+00 8.134769242913822751e+00 8.512398168204441617e+00 9.630816389605893590e+00 9.916212611175765801e+00 1.069594818318064711e+01 1.124999457593220420e+01
2.548683220732819721e-01 2.357280530737155821e+00 2.612655259049763590e+00 4.041616241247743879e+00 4.513235259427140100e+00 4.732879238132299271e+00 5.138362971282718128e+00 8.131202131199712468e+00 8.509230402902440815e+00 9.641245115406299249e+00 9.928575734957732379e+00 1.069829757102068868e+01 1.125229072992654444e+01
2.566068207665589962e-01 2.350339937142784219e+00 2.614365187826373838e+00 4.028954283555286509e+00 4.505627096429703826e+00 4.708101528224466037e+00 5.143180535242343865e+00 8.126949997564896222e+00 8.505377645149311050e+00 9.652948188366286431e+00 9.942459488375957832e+00 1.070094083645373928e+01 1.125487218360309072e+01
2.583453194598360203e-01 2.342577504903325725e+00 2.616202083229300257e+00 4.015013019114826776e+00 4.497448046325821736e+00 4.682128308836437824e+00 5.147419007425988902e+00 8.121976176517010870e+00 8.500806636339605760e+00 9.665932360465978590e+00 9.957867442930973922e+00 1.070388403289227774e+01 1.125774461594907194e+01
2.600838181531130444e-01 2.333973464578243284e+00 2.618159509387395723e+00 3.999754455596165048e+00 4.488755890437194473e+00 4.655005934266642775e+00 5.151055023549854894e+00 8.116252821015891072e+00 8.495496646452361134e+00 9.680195838201711922e+00 9.974791430840246775e+00 1.070713239281309015e+01 1.126091293714588915e+01
2.618223168463900685e-01 2.324510471595639505e+00 2.620231292609242146e+00 3.983141073733034609e+00 4.479607536026440684e+00 4.626772564730505799e+00 5.154071286793612927e+00 8.109761333519994508e+00 8.489439772079903079e+00 9.695728284954709508e+00 9.993211802944630406e+00 1.071069031667414784e+01 1.126438127636023090e+01
2.635608155396670926e-01 2.314173681645216529e+00 2.622411599764657986e+00 3.965137984385974868e+00 4.470056391702739162e+00 4.597461489213390706e+00 5.156452693791247377e+00 8.102492564296964517e+00 8.482640877282198844e+00 9.712511024793254677e+00 1.001309799099717424e+01 1.071456136724785502e+01 1.126815297445137176e+01
2.652993142329441167e-01 2.302950803561957471e+00 2.624695008440661503e+00 3.945714922490978882e+00 4.460149948035189382e+00 4.567103418594293807e+00 5.158183569569045446e+00 8.094446787087893114e+00 8.475117212376234832e+00 9.730517432460736416e+00 1.003440933159576254e+01 1.071874826907438738e+01 1.127223058137435885e+01
2.670378129262211409e-01 2.290832129805059569e+00 2.627076567608596758e+00 3.924847968436261603e+00 4.449927677934146786e+00 4.535728044662286962e+00 5.159245721906802196e+00 8.085633472349540440e+00 8.466897759844909999e+00 9.749713485195732332e+00 1.005709609642190649e+01 1.072325291268677994e+01 1.127661585801068256e+01
2.687763116194981650e-01 2.277810545087000538e+00 2.629551847651101504e+00 3.902520903094941485e+00 4.439419354670429918e+00 4.503365072984526485e+00 5.159617111518708832e+00 8.076070885875578753e+00 8.458022364489888645e+00 9.770058445417809878e+00 1.008110066686075967e+01 1.072807636321787683e+01 1.128130978211839697e+01
2.705148103127751891e-01 2.263881514123774696e+00 2.632116978712019328e+00 3.878726131685238609e+00 4.428643855536594565e+00 4.470044877115692650e+00 5.159270993342031097e+00 8.065785545232103004e+00 8.448540706861207283e+00 9.791505639554380025e+00 1.010635879038220253e+01 1.073321887296955879e+01 1.128631255806257805e+01
2.722533090060522132e-01 2.249043049845300235e+00 2.634768676439230184e+00 3.853465149659768940e+00 4.417608480306129515e+00 4.435798880108864140e+00 5.158175424346671534e+00 8.054811568135406219e+00 8.438511175756840288e+00 9.814003297364285672e+00 1.013280086038125560e+01 1.073867989750549334e+01 1.129162362996502011e+01
2.739918076993292373e-01 2.233295663713572576e+00 2.637504254277136084e+00 3.826748564567628463e+00 4.400659740528875652e+00 4.406308772206430469e+00 5.156293060794003402e+00 8.043189945979802857e+00 8.427999688571725656e+00 9.837495417703230771e+00 1.016035316915947107e+01 1.074445811482004487e+01 1.129724169789829524e+01
2.757303063926062614e-01 2.216642300036961721e+00 2.640321621516152018e+00 3.798595724458597722e+00 4.364661399928368546e+00 4.394728791925606615e+00 5.153581187000206398e+00 8.030967772744267208e+00 8.417078499040210104e+00 9.861922630226167996e+00 1.018893909386210161e+01 1.075055144713708088e+01 1.130316473674352729e+01
2.774688050858832855e-01 2.199088256338729952e+00 2.643219266300624870e+00 3.769034030446749561e+00 4.327839034208297520e+00 4.382841767691044055e+00 5.149991931172859694e+00 8.018197455131536699e+00 8.405825021919953954e+00 9.887223027383290841e+00 1.021848018605512465e+01 1.075695708490156655e+01 1.130939001733261939e+01
2.792073037791603096e-01 2.180641091934268694e+00 2.646196222706824308e+00 3.738098025652220713e+00 4.290228940615978814e+00 4.370611029566105366e+00 5.145472633572760301e+00 8.004935924690078863e+00 8.394320694602813049e+00 9.913332946590935890e+00 1.024889714608725733e+01 1.076367151254376076e+01 1.131591412950390563e+01
2.809458024724373337e-01 2.161310526898676088e+00 2.649252020790931361e+00 3.705828354915098988e+00 4.251868384151385349e+00 4.357991133806844886e+00 5.139966339240300108e+00 7.991243867424961067e+00 8.382649887348536666e+00 9.940187688079706874e+00 1.028011067264385936e+01 1.077069053561842615e+01 1.132273300671333338e+01
2.826843011657143578e-01 2.141108333568567446e+00 2.652386618120177619e+00 3.672270681767796141e+00 4.212795421086113379e+00 4.344929091091414897e+00 5.133412392543468705e+00 7.977184981482436932e+00 8.370898867302933866e+00 9.967722159199215781e+00 1.031204218551837037e+01 1.077800930894910003e+01 1.132984195186188536e+01
2.844227998589913819e-01 2.120048222627608947e+00 2.655600310656950125e+00 3.637474634784584548e+00 4.173048712640925473e+00 4.331365627117319761e+00 5.125747114328143894e+00 7.962825269212561174e+00 8.359154816857390813e+00 9.995871440595061941e+00 1.034461442545494592e+01 1.078562236543842623e+01 1.133723566402164273e+01
2.861612985522684061e-01 2.098145725683093321e+00 2.658893619844553413e+00 3.601492838435681243e+00 4.132667338272381308e+00 4.317236421722658868e+00 5.116904544810359390e+00 7.948232366455998843e+00 8.347504904168605577e+00 1.002457127350744059e+01 1.037775193902288962e+01 1.079352364523912300e+01 1.134490826576759837e+01
2.878997972455454302e-01 2.075418076061688044e+00 2.662267151150317090e+00 3.564380067243370753e+00 4.091690615244332641e+00 4.302473290221280777e+00 5.106817236793162351e+00 7.933474909329170544e+00 8.336035402565524777e+00 1.005375847042219917e+01 1.041138145907407342e+01 1.080170652501465689e+01 1.135285333084926584e+01
2.896382959388224543e-01 2.051884089346202256e+00 2.665721416846067005e+00 3.526192548772485669e+00 4.050157929029523096e+00 4.287005285947171451e+00 5.095417084526166818e+00 7.918621937071606887e+00 8.324830855810631647e+00 1.008337125346901786e+01 1.044543219268210166e+01 1.081016384705409727e+01 1.136106391196373089e+01
2.913767946320994784e-01 2.027564044952613109e+00 2.669256611930377332e+00 3.486987432368918949e+00 4.008108577465027800e+00 4.270759715012503399e+00 5.082636173745803454e+00 7.903742328585408927e+00 8.313973287400756362e+00 1.011334952639494666e+01 1.047983602885288157e+01 1.081888794804001108e+01 1.136953256842036986e+01
2.931152933253765025e-01 2.002479569816706384e+00 2.672872325944275040e+00 3.446822437706105191e+00 3.965581630368552712e+00 4.253663062761905422e+00 5.068407638326658748e+00 7.888904270017796705e+00 8.303541453928838578e+00 1.014363508676157366e+01 1.051452767799954735e+01 1.082787068730192637e+01 1.137825139351551584e+01
2.948537920186535266e-01 1.976653525031521363e+00 2.676567163466481158e+00 3.405755701338494479e+00 3.922615805425310853e+00 4.235641836672047411e+00 5.052666508725009997e+00 7.874174750976202120e+00 8.293610144642263649e+00 1.017417178534577715e+01 1.054944475442040996e+01 1.083710347441973099e+01 1.138721204146295740e+01
2.965922907119305507e-01 1.950109896057060199e+00 2.680338229532516880e+00 3.363845852769345335e+00 3.879249360509507749e+00 4.216623333108555194e+00 5.035350537187921027e+00 7.859619087580452579e+00 8.284249531419460411e+00 1.020490563968728281e+01 1.058452781199235204e+01 1.084657729607114796e+01 1.139640575375267595e+01
2.983307894052075748e-01 1.922873686918495029e+00 2.684180407961542780e+00 3.321152378490542567e+00 3.835520002154222396e+00 4.196536336108530385e+00 5.016400984704349142e+00 7.845300471413662713e+00 8.275524575183492715e+00 1.023578490842848865e+01 1.061972034213504656e+01 1.085628274204490573e+01 1.140582338483522129e+01
3.000692880984845989e-01 1.894970818622849995e+00 2.688085310674097617e+00 3.277736382340782573e+00 3.791464809582969497e+00 4.175311755865704022e+00 4.995763355037721176e+00 7.831279544409889937e+00 8.267494496071915222e+00 1.026676013262298959e+01 1.065496874191493148e+01 1.086621003036603916e+01 1.141545542705254057e+01
3.018077867917616230e-01 1.866428031859407977e+00 2.692039684604408123e+00 3.233661942770463149e+00 3.747120173529114862e+00 4.152883213414983565e+00 4.973388062014120869e+00 7.817614000702947763e+00 8.260212315338542055e+00 1.029778414962079758e+01 1.069022225901018075e+01 1.087634903150198795e+01 1.142529203475759303e+01
3.035462854850386472e-01 1.837272793908647062e+00 2.696022887825685999e+00 3.188998443723626952e+00 3.702521748965367010e+00 4.129187576584431696e+00 4.949231017615772998e+00 7.804358217365684247e+00 8.253724476893403050e+00 1.032881208452525357e+01 1.072543291919177477e+01 1.088668929163792853e+01 1.143532304758487328e+01
3.052847841783156713e-01 1.807533209567792731e+00 2.700002695212201598e+00 3.143824608359127915e+00 3.657704420821814129e+00 4.104165450932476311e+00 4.923254130359148384e+00 7.791562916715407461e+00 8.248070555576738627e+00 1.035980132359863504e+01 1.076055544101381045e+01 1.089722005502621904e+01 1.144553801285123562e+01
3.070232828715926954e-01 1.777237935809397262e+00 2.703927948832670847e+00 3.098235711055615127e+00 3.612702281768911838e+00 4.077761628352935652e+00 4.895425705879364209e+00 7.779274863393339956e+00 8.243283057763800770e+00 1.039071147339816470e+01 1.079554714155848849e+01 1.090793028542989163e+01 1.145592620708249676e+01
3.087617815648697195e-01 1.746416099820367940e+00 2.707714885905539326e+00 3.052357126330318415e+00 3.567548621167063505e+00 4.049925495478222004e+00 4.865720744500921846e+00 7.767536599702622446e+00 8.239387317820344947e+00 1.042150430886854906e+01 1.083036783634697819e+01 1.091880868669146309e+01 1.146647665667438964e+01
3.105002802581467436e-01 1.715097220022459457e+00 2.711219903935984554e+00 3.006371446946982662e+00 3.522275924326875085e+00 4.020611404068811012e+00 4.834121133708531914e+00 7.756386222692520427e+00 8.236401491433241517e+00 1.045214371311148405e+01 1.086497973590170218e+01 1.092984372246862002e+01 1.147717815770879213e+01
3.122387789514237677e-01 1.683311129648641602e+00 2.714180903631755903e+00 2.960577022443476647e+00 3.476915881275165265e+00 3.989779006354630564e+00 4.800615736668373046e+00 7.745857206203322853e+00 8.234336644118183557e+00 1.048259561110122284e+01 1.089934734091871782e+01 1.094102363518559251e+01 1.148801929495556173e+01
3.139772776447007918e-01 1.651087902441651156e+00 2.716079847999244734e+00 2.915525270795034540e+00 3.431499404276414644e+00 3.957393559916703385e+00 4.765200381105003657e+00 7.735978270554965341e+00 8.233196930460412233e+00 1.051282789921839189e+01 1.093343733757029490e+01 1.095233646425503693e+01 1.149898846009893205e+01
3.157157763379778159e-01 1.618457780048373706e+00 2.715797867433967561e+00 2.872365422955032610e+00 3.386056653412861994e+00 3.923426209340086235e+00 4.727877755732479592e+00 7.726773301805982541e+00 8.232979857071585528e+00 1.054281037213037919e+01 1.096377006362920703e+01 1.096721849409658844e+01 1.151007386923379983e+01
3.174542750312548400e-01 1.585451100706422256e+00 2.710791600468418494e+00 2.833667997430697305e+00 3.340617069577016096e+00 3.887854255812857929e+00 4.688657223915585703e+00 7.718261321575737632e+00 8.233676620017803316e+00 1.057251464825152176e+01 1.097531211874177792e+01 1.100066155955026836e+01 1.152126357968267278e+01
3.191927737245318641e-01 1.552098228852039741e+00 2.696169471869801715e+00 2.804348285588037282e+00 3.295209414275540816e+00 3.850661431559716075e+00 4.647554566180052582e+00 7.710456507369714885e+00 8.235272505721971115e+00 1.060191409476606950e+01 1.098695016290282389e+01 1.103373916531937304e+01 1.153254550618760454e+01
3.209312724178088883e-01 1.518429485323772532e+00 2.668013921218306272e+00 2.788343809957564812e+00 3.249861815682962618e+00 3.811838204278077402e+00 4.604591664528819628e+00 7.703368262238786457e+00 8.237747343151267998e+00 1.063098375298627651e+01 1.099867159320954180e+01 1.106642572986240047e+01 1.154390743653428153e+01
3.226697711110859124e-01 1.484475077888714578e+00 2.629240610423099422e+00 2.782754691532213887e+00 3.204601820416769442e+00 3.771382148947259871e+00 4.559796142233166094e+00 7.697001331503649624e+00 8.241075994499665214e+00 1.065970026464225384e+01 1.101046368603429748e+01 1.109869736693776687e+01 1.155533704666683725e+01
3.244082698043629365e-01 1.450265031879464539e+00 2.584870207973205769e+00 2.782571275394631893e+00 3.159456450532079685e+00 3.729298442842976513e+00 4.513200972878432360e+00 7.691355963245824157e+00 8.245228871549992178e+00 1.068804179955499123e+01 1.102231361214969674e+01 1.113053179749038968e+01 1.156682191535241522e+01
3.261467684976399606e-01 1.415829120797658769e+00 2.537719162342749524e+00 2.784982521591152338e+00 3.114452265254296304e+00 3.685600568383662345e+00 4.464844072017763565e+00 7.686428108360888523e+00 8.250172465393124099e+00 1.071598798502458649e+01 1.103420845154797370e+01 1.116190826526542956e+01 1.157834953845440396e+01
3.278852671909169847e-01 1.381196796814685657e+00 2.489047294419220790e+00 2.788727205167608414e+00 3.069615426982481132e+00 3.640311354796868404e+00 4.414767883917516400e+00 7.682209655228937173e+00 8.255869878107153781e+00 1.074351983716855408e+01 1.104613520800859305e+01 1.119280745614828021e+01 1.158990734287174540e+01
3.296237658841940088e-01 1.346397121181526213e+00 2.439443532495800593e+00 2.793206399125348405e+00 3.024971771104133289e+00 3.593464566672907701e+00 4.363018974673584793e+00 7.678688693511835694e+00 8.262281346253098846e+00 1.077061969436667432e+01 1.105808082346461418e+01 1.122321142117647597e+01 1.160148270020027539e+01
3.313622645774710329e-01 1.311458694648655499e+00 2.389212580618621296e+00 2.798094114833394208e+00 2.980546879164428287e+00 3.545107379816899940e+00 4.309647641554327890e+00 7.675849801249861493e+00 8.269364747514517333e+00 1.079727115290617157e+01 1.107003219221429013e+01 1.125310350312977725e+01 1.161306294016941187e+01
3.331007632707480570e-01 1.276409588094523206e+00 2.338528787687729871e+00 2.803179263165324286e+00 2.936366154929265893e+00 3.495304319616550970e+00 4.254707546892572800e+00 7.673674349303933440e+00 8.277076083391753158e+00 1.082345900487133150e+01 1.108197617501995502e+01 1.128246826657693269e+01 1.162463536390468910e+01
3.348392619640250811e-01 1.241277273668758951e+00 2.287501151796828225e+00 2.808294001614998869e+00 2.892454902872050759e+00 3.444143668011967918e+00 4.198255383305407484e+00 7.672140817261393408e+00 8.285369932461255971e+00 1.084916917828310545e+01 1.109389961313217121e+01 1.131129143123838610e+01 1.163618725706325918e+01
3.365777606573021052e-01 1.206088556876713458e+00 2.236203152867463295e+00 2.813272955571900269e+00 2.848838408598119099e+00 3.391748163410463590e+00 4.140350575546157152e+00 7.671225115172014775e+00 8.294199870249183704e+00 1.087438867946429966e+01 1.110578934227212322e+01 1.133955980851238898e+01 1.164770590288581076e+01
3.383162593505791294e-01 1.170869510167633631e+00 2.184687552205069938e+00 2.805542020698561068e+00 2.817919749235212823e+00 3.338293424620886185e+00 4.081055022951370681e+00 7.670900905878092146e+00 8.303518853187201287e+00 1.089910553758371492e+01 1.111763220660117213e+01 1.136726124100560043e+01 1.165917859520426170e+01
3.400547580438561535e-01 1.135645408743311213e+00 2.132994249829113453e+00 2.762591233495772514e+00 2.821966084398768615e+00 3.284040774385604156e+00 4.020432885278952817e+00 7.671139923214354894e+00 8.313279565375923497e+00 1.092330875131630208e+01 1.112941507270129016e+01 1.139438454490700181e+01 1.167059265144046343e+01
3.417932567371331776e-01 1.100440669481946410e+00 2.081154706494461326e+00 2.720011770106309346e+00 2.825006566473680536e+00 3.229397760287630703e+00 3.958550413767801590e+00 7.671912281946038803e+00 8.323434727955987711e+00 1.094698823754467654e+01 1.114112484358626709e+01 1.142091945504541251e+01 1.168193542562669229e+01
3.435317554304102017e-01 1.065278794077189062e+00 2.029194560845438033e+00 2.677829665201935772e+00 2.826381378049979354e+00 3.175032645701167944e+00 3.895475828494444848e+00 7.673186775952762773e+00 8.333937371769474467e+00 1.097013478202016223e+01 1.115274847275848735e+01 1.144685657247423194e+01 1.169319432147403326e+01
3.452702541236872258e-01 1.030182317731949126e+00 1.977135248076078877e+00 2.636071346796506898e+00 2.824959493057618953e+00 3.122089374096727710e+00 3.831279242557517506e+00 7.674931161821212378e+00 8.344741074689746796e+00 1.099273999189687778e+01 1.116427297832249010e+01 1.147218731443283701e+01 1.170435680551041990e+01
3.470087528169642499e-01 9.951727650254608148e-01 1.924995040979089023e+00 2.594763716324913538e+00 2.818777945256947692e+00 3.072547074177077064e+00 3.766032633276537478e+00 7.677112425654218697e+00 8.355800165518108003e+00 1.101479625005069529e+01 1.117568545716191863e+01 1.149690386654076590e+01 1.171541042030508351e+01
3.487472515102412740e-01 9.602706148983922718e-01 1.872789743610882018e+00 2.553934226209730429e+00 2.804703344127827513e+00 3.029557684013204355e+00 3.699809860431507946e+00 7.679697031516300676e+00 8.367069896708766663e+00 1.103629667109508716e+01 1.118697309918290195e+01 1.152099913708853407e+01 1.172634279779187949e+01
3.504857502035182981e-01 9.254952770822895136e-01 1.820533168781591549e+00 2.513610954032935219e+00 2.779065801537507152e+00 2.996811400483754717e+00 3.632686731576819650e+00 7.682651150499729908e+00 8.378506588411438472e+00 1.105723505900747305e+01 1.119812320162329300e+01 1.154446671329742813e+01 1.173714167269902298e+01
3.522242488967953222e-01 8.908650827449140497e-01 1.768237476892036586e+00 2.473822672344020646e+00 2.740216706790507661e+00 2.975978439272245257e+00 3.564741114616248652e+00 7.685940869899162031e+00 8.390067746435038387e+00 1.107760586628266708e+01 1.120912318342355896e+01 1.156730081942930433e+01 1.174779489608851080e+01
3.539627475900723463e-01 8.563972926416634213e-01 1.715913423403651050e+00 2.434598913044091262e+00 2.690076339358469681e+00 2.965161068773386255e+00 3.496053098107023693e+00 7.689532382421086609e+00 8.401712156758730288e+00 1.109740415453396345e+01 1.121996059965221626e+01 1.158949627663623083e+01 1.175829044900398124e+01
3.557012462833493704e-01 8.221081266650652752e-01 1.663570544614028757e+00 2.395970025190448993e+00 2.632004424646468443e+00 2.961022782439564072e+00 3.426705200151011876e+00 7.693392155723481451e+00 8.413399959168250675e+00 1.111662555646667805e+01 1.123062315597579008e+01 1.161104846444879790e+01 1.176861645622150654e+01
3.574397449766263946e-01 7.880128193794351255e-01 1.611217300835422916e+00 2.357967224969903963e+00 2.568658154369241942e+00 2.960930068151769401e+00 3.356782627213666270e+00 7.697487082882761733e+00 8.425092702494078267e+00 1.113526623915420188e+01 1.124109872316041958e+01 1.163195328381062588e+01 1.177876120009386973e+01
3.591782436699034187e-01 7.541257069258727741e-01 1.558861189551017823e+00 2.320622636497780888e+00 2.501677323954023535e+00 2.963267108639493053e+00 3.286373584770184486e+00 7.701784614622101621e+00 8.436753383789275418e+00 1.115332286855190524e+01 1.125137535159027813e+01 1.165220712157541882e+01 1.178871313447475799e+01
3.609167423631804428e-01 7.204603515914492773e-01 1.506508836999563172e+00 2.283969322016270453e+00 2.432021206059946650e+00 2.967098784245394416e+00 3.215569642297038122e+00 7.706252874313291201e+00 8.448346473622079245e+00 1.117079257518975766e+01 1.126144128578531323e+01 1.167180681639078266e+01 1.179846089870603087e+01
3.626552410564574669e-01 6.870297113623349272e-01 1.454166073973536921e+00 2.248041299999009368e+00 2.360264781683560908e+00 2.971874349492274359e+00 3.144466155789596318e+00 7.710860756889118761e+00 8.459837929481908603e+00 1.118767292099040134e+01 1.127128497889942516e+01 1.169074962590166500e+01 1.180799333164743992e+01
3.643937397497344910e-01 6.538463629209390060e-01 1.401837999857006523e+00 2.212873549624641889e+00 2.286771046673537811e+00 2.977255060235877160e+00 3.073162751669439530e+00 7.715578012882217784e+00 8.471195199115765462e+00 1.120396186716508247e+01 1.128089510717802391e+01 1.170903319521336705e+01 1.181729948572525046e+01
3.661322384430115151e-01 6.209227877952961938e-01 1.349529037747144278e+00 2.178502000070275724e+00 2.211783245278143628e+00 2.983021895530569179e+00 3.001763876622175253e+00 7.720375318846260271e+00 8.482387215431772987e+00 1.121965774314568698e+01 1.129026058435278834e+01 1.172665552656187948e+01 1.182636864097349871e+01
3.678707371362885392e-01 5.882717326970848815e-01 1.297242982692917712e+00 2.135474359472324224e+00 2.144963503104472036e+00 2.930379418535133951e+00 2.989026042013474438e+00 7.725224335422971045e+00 8.493384384431974965e+00 1.123475921651697362e+01 1.129937057594970717e+01 1.174361495014582069e+01 1.183519031903854035e+01
3.696092358295655633e-01 5.559066564435221069e-01 1.244983044519832216e+00 2.057974451148624428e+00 2.112295787538758685e+00 2.859125404224866607e+00 2.995161540856397853e+00 7.730097754300166102e+00 8.504158567471133523e+00 1.124926526391864101e+01 1.130821451348563578e+01 1.175991009608102900e+01 1.184375429711599281e+01
3.713477345228425874e-01 5.238422771617964324e-01 1.192751886308499376e+00 1.979386331734423798e+00 2.080537394235900894e+00 2.788124779966823397e+00 3.001349620292034448e+00 7.734969335267959600e+00 8.514683058983946395e+00 1.126317514289277177e+01 1.131678210852715871e+01 1.177553986744493386e+01 1.185205062178647495e+01
3.730862332161196115e-01 4.920952345683493045e-01 1.140551659301684895e+00 1.899794880448192558e+00 2.049727590578626302e+00 2.717508280828796696e+00 3.007529390405894176e+00 7.739813934526702965e+00 8.524932560681374838e+00 1.127648836465735371e+01 1.132506336658477686e+01 1.179050341438338023e+01 1.186006962271552112e+01
3.748247319093966357e-01 4.606848827690224746e-01 1.088384034796127553e+00 1.819272781925670435e+00 2.019906263582381012e+00 2.647415394267282451e+00 3.013652127633323463e+00 7.744607525336857812e+00 8.534883153087601926e+00 1.128920466779232257e+01 1.133304860081422305e+01 1.180480010925808365e+01 1.186780192618115670e+01
3.765632306026736598e-01 4.296342288583072655e-01 1.036250233401213139e+00 1.737884173905853480e+00 1.991113791189268012e+00 2.577995422078996679e+00 3.019677656655378239e+00 7.749327212029815115e+00 8.544512265173118237e+00 1.130132399282960698e+01 1.134072844549607062e+01 1.181842952281764880e+01 1.187523846839197361e+01
3.783017292959506839e-01 3.989710310351121669e-01 9.841510519018116243e-01 1.655687034820688242e+00 1.963390891709188235e+00 2.509408642184815630e+00 3.025571998405102381e+00 7.753951238324618522e+00 8.553798642735578994e+00 1.131284645774392494e+01 1.134809386926365704e+01 1.183139140137948431e+01 1.188237050855756038e+01
3.800402279892277080e-01 3.687290661383331170e-01 9.320868878233459220e-01 1.572734788678631146e+00 1.936778451867779083e+00 2.441827567256447118e+00 3.031305805484273641e+00 7.758458990819401713e+00 8.562722316088201779e+00 1.132377233434583630e+01 1.135513618804848512e+01 1.184368564501427912e+01 1.188918964167274339e+01
3.817787266825047321e-01 3.389495691445571501e-01 8.800577616501907841e-01 1.489077410386221434e+00 1.911317334468926488e+00 2.375438290031443245e+00 3.036853300632743835e+00 7.762830998451137887e+00 8.571264567534559120e+00 1.133410202558355628e+01 1.136184707771162117e+01 1.185531228672797255e+01 1.189568781097699635e+01
3.835172253757817562e-01 3.096828343956108953e-01 8.280633364648982697e-01 1.404762204167733231e+00 1.887048167261460740e+00 2.310441894148834052e+00 3.042191544427603311e+00 7.767048928643822236e+00 8.579407899037612140e+00 1.134383604376433929e+01 1.136821858632832694e+01 1.186627147263977733e+01 1.190185732005028818e+01
3.852557240690587803e-01 2.809899474023306309e-01 7.761029345218348752e-01 1.319834362989868115e+00 1.864011115191064105e+00 2.247055892965186707e+00 3.047299923132251287e+00 7.771095580795090996e+00 8.587136000429330451e+00 1.135297498971064734e+01 1.137424314609282661e+01 1.187656344315747958e+01 1.190769084450737481e+01
3.869942227623358044e-01 2.529445831037093750e-01 7.241755498783802869e-01 1.234337377827108062e+00 1.842245638788853945e+00 2.185515635197989859e+00 3.052159786581516432e+00 7.774954877684485233e+00 8.594433718453586835e+00 1.136151953287016703e+01 1.137991358480882909e+01 1.188618851515375141e+01 1.191318144325268591e+01
3.887327214556128285e-01 2.256347558060734781e-01 6.722798555746715143e-01 1.148313341296418821e+00 1.821790241966627422e+00 2.126075583248512313e+00 3.056754190037147101e+00 7.778611855324429669e+00 8.601287026889089304e+00 1.136947039240258661e+01 1.138522313693105481e+01 1.189514706514946063e+01 1.191832256925924938e+01
3.904712201488898526e-01 1.991643293997818753e-01 6.204142027609863552e-01 1.061803174468218147e+00 1.802682212921286498e+00 2.069010325603655165e+00 3.061067709134692283e+00 7.782052651716979241e+00 8.607682997959340554e+00 1.137682831926899496e+01 1.139016545412239090e+01 1.190343951351148277e+01 1.192310807983600185e+01
3.922097188421668768e-01 1.736539810578270893e-01 5.685766072034056373e-01 9.748467948132601979e-01 1.784957362168130501e+00 2.014615127533712080e+00 3.065086306840130170e+00 7.785264494926161127e+00 8.613609775202846208e+00 1.138359407935282874e+01 1.139473461529068032e+01 1.191106630967420088e+01 1.192753224634912002e+01
3.939482175354439009e-01 1.492411358590175208e-01 5.167647148702213533e-01 8.874832347260412924e-01 1.768649761902356232e+00 1.963205755279029852e+00 3.068797237780717335e+00 7.788235690826784463e+00 8.619056547947847591e+00 1.138976843764332791e+01 1.139892513606929647e+01 1.191802791839462650e+01 1.193158976336465926e+01
3.956867162287209250e-01 1.260781123067519494e-01 4.649757308491785368e-01 7.997507115232912467e-01 1.753791490914514029e+00 1.915117233284600040e+00 3.072188979632871852e+00 7.790955610846013180e+00 8.624013527511234400e+00 1.139535214351436210e+01 1.140273197770527425e+01 1.192432480705205755e+01 1.193527575718130507e+01
3.974252149219979491e-01 1.043272486574605973e-01 4.132062800053976637e-01 7.116866378149864225e-01 1.740412389157909079e+00 1.870701124352212030e+00 3.075251184193765308e+00 7.793414679973648340e+00 8.628471925220706495e+00 1.140034591713247103e+01 1.140615055531983835e+01 1.192995743400347486e+01 1.193858579372421147e+01
3.991637136152749732e-01 8.415088803396529593e-02 3.614521315473762098e-01 6.233275383125918001e-01 1.728539825793949714e+00 1.830320881902174568e+00 3.077974642801627692e+00 7.795604365280125236e+00 8.632423932341424688e+00 1.140475043702843827e+01 1.140917674550625449e+01 1.193492623800594998e+01 1.194151588577236645e+01
4.009022123085519973e-01 6.569211829767467037e-02 3.097076289268696492e-01 5.347087856042721521e-01 1.718198484150048166e+00 1.794344847096472018e+00 3.080351262203817608e+00 7.797517165148445173e+00 8.635862701973747946e+00 1.140856632886636923e+01 1.141180689323167741e+01 1.193923162871727683e+01 1.194406249949496512e+01
4.026407110018290214e-01 4.903673545160888714e-02 2.579644118140445030e-01 4.458639203008425422e-01 1.709410166544243381e+00 1.763136595684133612e+00 3.082374047995646738e+00 7.799146599395739621e+00 8.638782332976207456e+00 1.141179415544347364e+01 1.141403781801128581e+01 1.194287397828555264e+01 1.194622256027357743e+01
4.043792096951060455e-01 3.412696245861191607e-02 2.062081861594216858e-01 3.568228446822583333e-01 1.702193621406966839e+00 1.737042621512213003e+00 3.084037093495397563e+00 7.800487200433458668e+00 8.641177855957261400e+00 1.141443440795158004e+01 1.141586681932491665e+01 1.194585361403770918e+01 1.194799345779008348e+01
4.061177083883830696e-01 2.047943436781722928e-02 1.544089543959871469e-01 2.676062721350138118e-01 1.696564394599560099e+00 1.716377790827151806e+00 3.085335572468404397e+00 7.801534505589915014e+00 8.643045221370629250e+00 1.141648749852959277e+01 1.141729168124946980e+01 1.194817081227622069e+01 1.194937305036250663e+01
4.078562070816600937e-01 3.586553811158290413e-03 1.024814849813413115e-01 1.782032838110502448e-01 1.692534706336549455e+00 1.701409571803174758e+00 3.086265734524066939e+00 7.802285050696861290e+00 8.644381289741554397e+00 1.141795375413229863e+01 1.141831067628321250e+01 1.194982579319203353e+01 1.195035966851347276e+01
4.095947057749371178e-01 -1.334702441297245731e-02 4.999843816832958560e-02 8.841206323939711231e-02 1.690113354688578928e+00 1.692342615461118305e+00 3.086824902324828646e+00 7.802736365020358278e+00 8.645183824044824661e+00 1.141883341173784849e+01 1.141892256834203856e+01 1.195081871690061348e+01 1.195095211775882404e+01
4.113332044682141420e-01 -1.525498273006170580e-02 -1.294195170746946510e-02 -1.294195170695448989e-02 1.689305646299108066e+00 1.689305646299124719e+00 3.087011469995559310e+00 7.802886967597298273e+00 8.645451484250070706e+00 1.141912661491135417e+01 1.141912661491136127e+01 1.195114968060652316e+01 1.195114968060652849e+01
