# frequency_THz total_states_per_THz_per_atom Ga_contribution S_contribution
-5.000000000000000000e-01 4.581873439206773124e-09 3.132183972368107187e-09 1.449689466838665938e-09
-4.799999999999999822e-01 1.269840892351554070e-08 8.680806851552851854e-09 4.017602071962685540e-09
-4.599999999999999645e-01 3.387247885650660115e-08 2.315607868947377859e-08 1.071640016703281098e-08
-4.399999999999999467e-01 8.697694973632362232e-08 5.946072111887299352e-08 2.751622861745062880e-08
-4.199999999999999289e-01 2.150283887094544838e-07 1.470044737998187014e-07 6.802391490963578247e-08
-3.999999999999999112e-01 5.119226783202172264e-07 3.499844522487702589e-07 1.619382260714468617e-07
-3.799999999999998934e-01 1.173872184027963096e-06 8.025568460061149443e-07 3.713153380218478337e-07
-3.599999999999998757e-01 2.593256179725908273e-06 1.773013796230491719e-06 8.202423834954154956e-07
-3.399999999999998579e-01 5.520633314337123838e-06 3.774578975180932910e-06 1.746054339156190504e-06
-3.199999999999998401e-01 1.132852955406690321e-05 7.745820752102303283e-06 3.582708801964595690e-06
-2.999999999999998224e-01 2.241478293758400670e-05 1.532654461874863693e-05 7.088238318835371463e-06
-2.799999999999998046e-01 4.277809813813491651e-05 2.925153908008610735e-05 1.352655905804879899e-05
-2.599999999999997868e-01 7.877709827159928109e-05 5.386996487981467316e-05 2.490713339178457405e-05
-2.399999999999997691e-01 1.400404825218068471e-04 9.576833772916143179e-05 4.427214479264536784e-05
-2.199999999999997513e-01 2.404284430900804101e-04 1.644289508377893010e-04 7.599949225229091936e-05
-1.999999999999997335e-01 3.988618524171127816e-04 2.727983909541179691e-04 1.260634614629945415e-04
-1.799999999999997158e-01 6.397556825276141685e-04 4.375860296289556554e-04 2.021696528986585402e-04
-1.599999999999996980e-01 9.927477761657893963e-04 6.790812806846215945e-04 3.136664954811672597e-04
-1.399999999999996803e-01 1.491438857148129045e-03 1.020295209738513072e-03 4.711436474096159194e-04
-1.199999999999996625e-01 2.170981071913446331e-03 1.485314916094438321e-03 6.856661558190075764e-04
-9.999999999999964473e-02 3.064572351075180862e-03 2.096909357437147688e-03 9.676629936380300298e-04
-7.999999999999962697e-02 4.199198449259437284e-03 2.873619749849542267e-03 1.325578699409891981e-03
-5.999999999999960920e-02 5.591244072894521570e-03 3.826758827277366819e-03 1.764485245617152150e-03
-3.999999999999959144e-02 7.242780204269707797e-03 4.957870385005230460e-03 2.284909819264473001e-03
-1.999999999999957367e-02 9.139347873055016225e-03 6.257209844310277630e-03 2.882138028744737727e-03
4.440892098500626162e-16 1.124986264835486048e-02 7.703672999906593238e-03 3.546189648448259436e-03
2.000000000000046185e-02 1.352888508364876244e-02 9.266341359788319784e-03 4.262543723860447858e-03
4.000000000000047962e-02 1.592102694021794995e-02 1.090748771516530762e-02 5.013539225052649276e-03
6.000000000000049738e-02 1.836681278193778161e-02 1.258657779353153719e-02 5.780234988406246152e-03
8.000000000000051514e-02 2.080900831709918408e-02 1.426459290955182924e-02 6.544415407547356581e-03
1.000000000000005329e-01 2.319833633455719440e-02 1.590793622738689156e-02 7.290400107170313254e-03
1.200000000000005507e-01 2.549764402574625222e-02 1.749128249214643160e-02 8.006361533599817143e-03
1.400000000000005684e-01 2.768392146163102183e-02 1.899896036968612423e-02 8.684961091944897599e-03
1.600000000000005862e-01 2.974802227798339568e-02 2.042476482859992976e-02 9.323257449383471132e-03
1.800000000000006040e-01 3.169241038510264841e-02 2.177042021062401689e-02 9.921990174478634988e-03
2.000000000000006217e-01 3.352765499150073270e-02 2.304318726410357898e-02 1.048446772739715198e-02
2.200000000000006395e-01 3.526863087192870505e-02 2.425326814026403099e-02 1.101536273166467406e-02
2.400000000000006573e-01 3.693137990780566426e-02 2.541166300513548332e-02 1.151971690267017748e-02
2.600000000000006750e-01 3.853132270059619890e-02 2.652894932755554130e-02 1.200237337304065413e-02
2.800000000000006928e-01 4.008301601190197849e-02 2.761511770633446466e-02 1.246789830556750862e-02
3.000000000000007105e-01 4.160106307163115302e-02 2.868019534860446682e-02 1.292086772302667580e-02
3.200000000000007283e-01 4.310130131909076234e-02 2.973505822083624336e-02 1.336624309825451898e-02
3.400000000000007461e-01 4.460122459880266205e-02 3.079171835356080134e-02 1.380950624524185204e-02
3.600000000000007638e-01 4.611886510159101532e-02 3.186255654272959759e-02 1.425630855886141427e-02
3.800000000000007816e-01 4.767001732168922590e-02 3.295842046874938175e-02 1.471159685293984762e-02
4.000000000000007994e-01 4.926450109526634563e-02 3.408606591691357851e-02 1.517843517835278794e-02
4.200000000000008171e-01 5.090279245875278108e-02 3.524585091043787310e-02 1.565694154831491491e-02
4.400000000000008349e-01 5.257449141313502716e-02 3.643068824644472847e-02 1.614380316669030563e-02
4.600000000000008527e-01 5.425961834608399037e-02 3.762693481610025065e-02 1.663268352998373972e-02
4.800000000000008704e-01 5.593277169417983086e-02 3.881723934258424213e-02 1.711553235159558872e-02
5.000000000000008882e-01 5.756910067574425721e-02 3.998463181174889691e-02 1.758446886399537418e-02
5.200000000000009059e-01 5.915029298250434886e-02 4.111662202059632176e-02 1.803367096190803057e-02
5.400000000000009237e-01 6.066868327664156485e-02 4.220801058292734942e-02 1.846067269371420155e-02
5.600000000000009415e-01 6.212822706940897971e-02 4.326155324206891473e-02 1.886667382734007886e-02
5.800000000000009592e-01 6.354222204587470224e-02 4.428639830590243992e-02 1.925582373997226926e-02
6.000000000000009770e-01 6.492884084980525550e-02 4.529502647462477910e-02 1.963381437518049027e-02
6.200000000000009948e-01 6.630627658610027675e-02 4.629992725130123443e-02 2.000634933479904232e-02
6.400000000000010125e-01 6.768928064401022460e-02 4.731123108293690260e-02 2.037804956107337750e-02
6.600000000000010303e-01 6.908809869145030036e-02 4.833598577561782489e-02 2.075211291583244425e-02
6.800000000000010481e-01 7.050962633718441119e-02 4.937895353353667638e-02 2.113067280364772788e-02
7.000000000000010658e-01 7.195955034649624549e-02 5.044408115082150978e-02 2.151546919567471489e-02
7.200000000000010836e-01 7.344381226510582339e-02 5.153550216485885960e-02 2.190831010024697420e-02
7.400000000000011013e-01 7.496814709103466479e-02 5.265721597699746931e-02 2.231093111403718160e-02
7.600000000000011191e-01 7.653552926710217863e-02 5.381133060933419865e-02 2.272419865776802855e-02
7.800000000000011369e-01 7.814259120326422225e-02 5.499560201959637074e-02 2.314698918366784458e-02
8.000000000000011546e-01 7.977686290438895655e-02 5.620153968721176840e-02 2.357532321717724713e-02
8.200000000000011724e-01 8.141661177997511212e-02 5.741429903376231436e-02 2.400231274621286021e-02
8.400000000000011902e-01 8.303413368156070673e-02 5.861494312113910837e-02 2.441919056042159489e-02
8.600000000000012079e-01 8.460195379415574868e-02 5.978470030053931877e-02 2.481725349361644031e-02
8.800000000000012257e-01 8.610014209601307700e-02 6.090998490942471644e-02 2.519015718658839526e-02
9.000000000000012434e-01 8.752236383416382715e-02 6.198654842612682375e-02 2.553581540803703809e-02
9.200000000000012612e-01 8.887860251226438468e-02 6.302134659906634406e-02 2.585725591319800939e-02
9.400000000000012790e-01 9.019356912678548610e-02 6.403144605146496304e-02 2.616212307532055081e-02
9.600000000000012967e-01 9.150122196122514873e-02 6.504026092693331040e-02 2.646096103429182445e-02
9.800000000000013145e-01 9.283704881951290733e-02 6.607225257650986561e-02 2.676479624300307641e-02
1.000000000000001332e+00 9.423039398134042122e-02 6.714765946567544108e-02 2.708273451566501136e-02
1.020000000000001350e+00 9.569896491386026272e-02 6.827872556966027573e-02 2.742023934420000086e-02
1.040000000000001368e+00 9.724682066198010733e-02 6.946832444038256171e-02 2.777849622159756643e-02
1.060000000000001386e+00 9.886594204221685334e-02 7.071104902077834931e-02 2.815489302143851444e-02
1.080000000000001403e+00 1.005403445162538906e-01 7.199605073129905497e-02 2.854429378495484254e-02
1.100000000000001421e+00 1.022510159708575200e-01 7.331044141158947480e-02 2.894057455926807645e-02
1.120000000000001439e+00 1.039799658663310561e-01 7.464207424258728629e-02 2.933789162374376633e-02
1.140000000000001457e+00 1.057123191598415279e-01 7.598096847033264378e-02 2.973135068950888416e-02
1.160000000000001474e+00 1.074363873218476678e-01 7.731933591572809350e-02 3.011705140611956044e-02
1.180000000000001492e+00 1.091425746097589300e-01 7.865080872749723173e-02 3.049176588226169826e-02
1.200000000000001510e+00 1.108224469616354013e-01 7.996979049925970195e-02 3.085265646237567855e-02
1.220000000000001528e+00 1.124691186079039146e-01 8.127172924279194022e-02 3.119738936511196742e-02
1.240000000000001545e+00 1.140793810440020178e-01 8.255460093336833283e-02 3.152478011063362950e-02
1.260000000000001563e+00 1.156570190089580702e-01 8.382121276859851033e-02 3.183580624035952517e-02
1.280000000000001581e+00 1.172159368652378048e-01 8.508136916707809139e-02 3.213456769815979663e-02
1.300000000000001599e+00 1.187814133886768569e-01 8.635273589631875524e-02 3.242867749235821273e-02
1.320000000000001616e+00 1.203881959600444779e-01 8.765951143639366672e-02 3.272868452365085279e-02
1.340000000000001634e+00 1.220751767188423820e-01 8.902872635805422763e-02 3.304645036078811271e-02
1.360000000000001652e+00 1.238777588837354088e-01 9.048493151972764048e-02 3.339282736400771973e-02
1.380000000000001670e+00 1.258202397028596320e-01 9.204487476207201535e-02 3.377536494078763052e-02
1.400000000000001688e+00 1.279110889312166932e-01 9.371414848919290552e-02 3.419694044202377381e-02
1.420000000000001705e+00 1.301435260917142289e-01 9.548746790169981846e-02 3.465605819001431331e-02
1.440000000000001723e+00 1.325022770883966805e-01 9.735319739807760109e-02 3.514907969031905860e-02
1.460000000000001741e+00 1.349752342310076847e-01 9.930126435647983196e-02 3.567396987452789436e-02
1.480000000000001759e+00 1.375667101979373697e-01 1.013322067966385132e-01 3.623450340129888425e-02
1.500000000000001776e+00 1.403078940945111097e-01 1.034643655060590028e-01 3.684352858845217626e-02
1.520000000000001794e+00 1.432605282332204411e-01 1.057365233337524274e-01 3.752400489946801365e-02
1.540000000000001812e+00 1.465117076344699121e-01 1.082045940301347431e-01 3.830711360433521062e-02
1.560000000000001830e+00 1.501604378042453170e-01 1.109328312657615473e-01 3.922760653848372803e-02
1.580000000000001847e+00 1.542991801153816567e-01 1.139817760485737491e-01 4.031740406680785205e-02
1.600000000000001865e+00 1.589951233601320513e-01 1.173961396427887077e-01 4.159898371734332967e-02
1.620000000000001883e+00 1.642758409094363659e-01 1.211956985478156446e-01 4.308014236162074212e-02
1.640000000000001901e+00 1.701224561106688682e-01 1.253711742120817707e-01 4.475128189858706973e-02
1.660000000000001918e+00 1.764711195104140262e-01 1.298854733168510189e-01 4.658564619356306280e-02
1.680000000000001936e+00 1.832214038040761162e-01 1.346792089174625451e-01 4.854219488661362658e-02
1.700000000000001954e+00 1.902488907752026837e-01 1.396786123347396602e-01 5.057027844046307896e-02
1.720000000000001972e+00 1.974190604936714444e-01 1.448039594260667473e-01 5.261510106760460687e-02
1.740000000000001990e+00 2.046003856718912328e-01 1.499772886157300644e-01 5.462309705616123084e-02
1.760000000000002007e+00 2.116757140935461023e-01 1.551290547805014852e-01 5.654665931304467263e-02
1.780000000000002025e+00 2.185519546218495091e-01 1.602039867195831913e-01 5.834796790226629698e-02
1.800000000000002043e+00 2.251683613153987462e-01 1.651665206957265986e-01 6.000184061967221705e-02
1.820000000000002061e+00 2.315033257756274887e-01 1.700057874032374350e-01 6.149753837239001208e-02
1.840000000000002078e+00 2.375789003496057150e-01 1.747395225706120381e-01 6.283937777899366306e-02
1.860000000000002096e+00 2.434618152944337810e-01 1.794158590563654232e-01 6.404595623806838556e-02
1.880000000000002114e+00 2.492599477629902083e-01 1.841120629893053806e-01 6.514788477368488318e-02
1.900000000000002132e+00 2.551141480316434507e-01 1.889299716353942948e-01 6.618417639624921134e-02
1.920000000000002149e+00 2.611867293938728296e-01 1.939889485980858808e-01 6.719778079578675456e-02
1.940000000000002167e+00 2.676491950147729670e-01 1.994181444829311034e-01 6.823105053184197466e-02
1.960000000000002185e+00 2.746722687013353204e-01 2.053502455123297488e-01 6.932202318900568261e-02
1.980000000000002203e+00 2.824205898617459520e-01 2.119183704553949388e-01 7.050221940635117979e-02
2.000000000000002220e+00 2.910525027792576491e-01 2.192563037273637105e-01 7.179619905189382756e-02
2.020000000000002238e+00 3.007226596522589723e-01 2.275001562299875102e-01 7.322250342227126785e-02
2.040000000000002256e+00 3.115824962828482314e-01 2.367874641279173464e-01 7.479503215493130130e-02
2.060000000000002274e+00 3.237720511295867909e-01 2.472484792692671851e-01 7.652357186031982783e-02
2.080000000000002292e+00 3.373970198032714141e-01 2.589847436828563998e-01 7.841227612041468120e-02
2.100000000000002309e+00 3.524879069588868763e-01 2.720324531157812809e-01 8.045545384310565096e-02
2.120000000000002327e+00 3.689435094169123408e-01 2.863125406335427225e-01 8.263096878336981255e-02
2.140000000000002345e+00 3.864677344684760985e-01 3.015750838080933915e-01 8.489265066038245711e-02
2.160000000000002363e+00 4.045151180800099500e-01 3.173510928000553566e-01 8.716402527995439908e-02
2.180000000000002380e+00 4.222641128054479553e-01 3.329280791524211747e-01 8.933603365302680843e-02
2.200000000000002398e+00 4.386362500648453011e-01 3.473652614714822229e-01 9.127098859336331416e-02
2.220000000000002416e+00 4.523726799032388168e-01 3.595588791150084451e-01 9.281380078823056601e-02
2.240000000000002434e+00 4.621680912341901704e-01 3.683583282386812541e-01 9.380976299550891628e-02
2.260000000000002451e+00 4.668482013797398689e-01 3.727217984118433858e-01 9.412640296789651084e-02
2.280000000000002469e+00 4.655647198624610628e-01 3.718890599643857042e-01 9.367565989807573323e-02
2.300000000000002487e+00 4.579748098807108203e-01 3.655424904946723563e-01 9.243231938603832520e-02
2.320000000000002505e+00 4.443730341489022240e-01 3.539276713813331865e-01 9.044536276756912074e-02
2.340000000000002522e+00 4.257525209725674387e-01 3.379121206630701368e-01 8.784040030949760713e-02
2.360000000000002540e+00 4.037858951561912324e-01 3.189727281927453584e-01 8.481316696344626260e-02
2.380000000000002558e+00 3.807308959344315458e-01 2.991152796277085635e-01 8.161561630672312107e-02
2.400000000000002576e+00 3.592759726335945647e-01 2.807389181191131677e-01 7.853705451448131369e-02
2.420000000000002593e+00 3.423446522494791311e-01 2.664617745568273466e-01 7.588287769265168736e-02
2.440000000000002611e+00 3.328741975269359221e-01 2.589212537062819397e-01 7.395294382065417671e-02
2.460000000000002629e+00 3.335771577451416281e-01 2.605564199016116578e-01 7.302073784353008135e-02
2.480000000000002647e+00 3.466889141615895897e-01 2.733752562251972607e-01 7.331365793639223194e-02
2.500000000000002665e+00 3.737051373650404629e-01 2.987108248971956925e-01 7.499431246784521443e-02
2.520000000000002682e+00 4.151226045440560841e-01 3.369797071284282852e-01 7.814289741562788216e-02
2.540000000000002700e+00 4.702132594492954287e-01 3.874717176469697488e-01 8.274154180232570766e-02
2.560000000000002718e+00 5.368784910403643362e-01 4.482157774328322519e-01 8.866271360753269493e-02
2.580000000000002736e+00 6.116394157098276052e-01 5.159745509360844640e-01 9.566486477374328001e-02
2.600000000000002753e+00 6.898112637024853555e-01 5.864124227771587705e-01 1.033988409253266127e-01
2.620000000000002771e+00 7.658822998428044260e-01 6.544545885794333939e-01 1.114277112633713512e-01
2.640000000000002789e+00 8.340740610341511596e-01 7.148135387544030106e-01 1.192605222797484266e-01
2.660000000000002807e+00 8.890115457577821845e-01 7.626140232702620647e-01 1.263975224875202863e-01
2.680000000000002824e+00 9.263948435274410587e-01 7.940133100848827397e-01 1.323815334425582635e-01
2.700000000000002842e+00 9.435512332018273218e-01 8.067029411309590836e-01 1.368482920708688488e-01
2.720000000000002860e+00 9.397651053487776629e-01 8.001967814944963564e-01 1.395683238542813343e-01
2.740000000000002878e+00 9.163277309601522980e-01 7.758535563153183823e-01 1.404741746448339990e-01
2.760000000000002895e+00 8.763064347736682080e-01 7.366373778861743382e-01 1.396690568874936478e-01
2.780000000000002913e+00 8.240860819092850065e-01 6.866706527985440012e-01 1.374154291107410886e-01
2.800000000000002931e+00 7.647711105405037291e-01 6.306668448005242622e-01 1.341042657399796334e-01
2.820000000000002949e+00 7.035478654735876081e-01 5.733400886965418497e-01 1.302077767770455918e-01
2.840000000000002967e+00 6.450977120866417946e-01 5.188773430621991256e-01 1.262203690244427245e-01
2.860000000000002984e+00 5.931298046555661951e-01 4.705349716416366568e-01 1.225948330139298159e-01
2.880000000000003002e+00 5.500772734100080052e-01 4.303945368093514690e-01 1.196827366006567028e-01
2.900000000000003020e+00 5.169772258980370738e-01 3.992882758452911407e-01 1.176889500527460719e-01
2.920000000000003038e+00 4.935341322834163602e-01 3.768849806507759137e-01 1.166491516326403632e-01
2.940000000000003055e+00 4.783463233432854733e-01 3.619107346322792962e-01 1.164355887110062465e-01
2.960000000000003073e+00 4.692557402540012412e-01 3.524649815822907817e-01 1.167907586717104318e-01
2.980000000000003091e+00 4.637638606639838401e-01 3.463814189763372298e-01 1.173824416876467491e-01
3.000000000000003109e+00 4.594464970397351689e-01 3.415779388622887103e-01 1.178685581774464586e-01
3.020000000000003126e+00 4.543016058161722937e-01 3.363433450545151304e-01 1.179582607616573853e-01
3.040000000000003144e+00 4.469792314616312101e-01 3.295220407484785730e-01 1.174571907131526927e-01
3.060000000000003162e+00 4.368686594895969111e-01 3.205792502877155004e-01 1.162894092018816050e-01
3.080000000000003180e+00 4.240482442231929272e-01 3.095535981567509309e-01 1.144946460664421350e-01
3.100000000000003197e+00 4.091300863374531804e-01 2.969247898794425411e-01 1.122052964580106116e-01
3.120000000000003215e+00 3.930480201298658938e-01 2.834365763315315756e-01 1.096114437983342765e-01
3.140000000000003233e+00 3.768401381044304554e-01 2.699168311088281369e-01 1.069233069956025822e-01
3.160000000000003251e+00 3.614675677271735332e-01 2.571285034700856453e-01 1.043390642570879018e-01
3.180000000000003268e+00 3.476940179073458870e-01 2.456711188406704438e-01 1.020228990666752628e-01
3.200000000000003286e+00 3.360316810500638685e-01 2.359371244018264591e-01 1.000945566482374649e-01
3.220000000000003304e+00 3.267435998971823796e-01 2.281148461048576326e-01 9.862875379232496909e-02
3.240000000000003322e+00 3.198835873802291507e-01 2.222225252968643150e-01 9.766106208336496064e-02
3.260000000000003340e+00 3.153526703749205407e-01 2.181561960553567436e-01 9.719647431956381090e-02
3.280000000000003357e+00 3.129542973610043299e-01 2.157368267993313715e-01 9.721747056167304168e-02
3.300000000000003375e+00 3.124367961197518362e-01 2.147472239052281018e-01 9.768957221452409523e-02
3.320000000000003393e+00 3.135184964421280363e-01 2.149547959721793688e-01 9.856370046994869516e-02
3.340000000000003411e+00 3.158969314354845848e-01 2.161210715923385650e-01 9.977585984314590872e-02
3.360000000000003428e+00 3.192477312493662289e-01 2.180021532516035754e-01 1.012455779977628062e-01
3.380000000000003446e+00 3.232208711174960891e-01 2.203458461743317831e-01 1.028750249431645558e-01
3.400000000000003464e+00 3.274417646445850760e-01 2.228910638535266109e-01 1.045507007910581876e-01
3.420000000000003482e+00 3.315224797716356808e-01 2.253735076640926427e-01 1.061489721075430381e-01
3.440000000000003499e+00 3.350846270985758935e-01 2.275389883500422150e-01 1.075456387485335119e-01
3.460000000000003517e+00 3.377911825476253016e-01 2.291627894633949114e-01 1.086283930842305012e-01
3.480000000000003535e+00 3.393809020775455654e-01 2.300710071920764044e-01 1.093098948854692165e-01
3.500000000000003553e+00 3.396972256472834961e-01 2.301585943694288150e-01 1.095386312778546811e-01
3.520000000000003126e+00 3.387042790467777453e-01 2.293992798924737175e-01 1.093049991543039584e-01
3.540000000000003588e+00 3.364855742926919913e-01 2.278444782120940260e-01 1.086410960805980069e-01
3.560000000000004050e+00 3.332253126878271798e-01 2.256110946854151811e-01 1.076142180024121930e-01
3.580000000000003624e+00 3.291764255623653712e-01 2.228608627006440912e-01 1.063155628617213633e-01
3.600000000000003197e+00 3.246223645921435530e-01 2.197756912788818295e-01 1.048466733132618622e-01
3.620000000000003659e+00 3.198404371944391644e-01 2.165339939216877618e-01 1.033064432727512916e-01
3.640000000000004121e+00 3.150731696338567867e-01 2.132921249307072054e-01 1.017810447031495952e-01
3.660000000000003695e+00 3.105114100480819150e-01 2.101732881387574081e-01 1.003381219093245486e-01
3.680000000000003268e+00 3.062896353258353632e-01 2.072642306898706543e-01 9.902540463596465337e-02
3.700000000000003730e+00 3.024911543506487721e-01 2.046182899522756837e-01 9.787286439837304675e-02
3.720000000000004192e+00 2.991592434311418636e-01 2.022623176581838655e-01 9.689692577295798415e-02
3.740000000000003766e+00 2.963098974035067723e-01 2.002047737411860040e-01 9.610512366232080994e-02
3.760000000000003340e+00 2.939426177352478797e-01 1.984427273372895428e-01 9.549989039795825363e-02
3.780000000000003801e+00 2.920470382807983656e-01 1.969663479495551983e-01 9.508069033124316727e-02
3.800000000000004263e+00 2.906047301584431808e-01 1.957604236511001905e-01 9.484430650734299029e-02
3.820000000000003837e+00 2.895868668845821281e-01 1.948032850404710636e-01 9.478358184411084242e-02
3.840000000000003411e+00 2.889493737573475829e-01 1.940641215619618443e-01 9.488525219538596067e-02
3.860000000000003872e+00 2.886276703741326721e-01 1.935000054114766610e-01 9.512766496265614991e-02
3.880000000000004334e+00 2.885331568477895736e-01 1.930539843965168589e-01 9.547917245127277019e-02
3.900000000000003908e+00 2.885532476407170477e-01 1.926553910344455944e-01 9.589785660627148101e-02
3.920000000000003482e+00 2.885561116255408454e-01 1.922230917036969189e-01 9.633301992184395424e-02
3.940000000000003944e+00 2.884004545506081985e-01 1.916718486911588581e-01 9.672860585944934031e-02
3.960000000000004405e+00 2.879498086830158399e-01 1.909213857800336478e-01 9.702842290298233086e-02
3.980000000000003979e+00 2.870899718071932560e-01 1.899072159065552379e-01 9.718275590063800429e-02
4.000000000000003553e+00 2.857475212655856689e-01 1.885918582828148560e-01 9.715566298277097945e-02
4.020000000000004015e+00 2.839067749277859321e-01 1.869747799212714001e-01 9.693199500651458744e-02
4.040000000000004476e+00 2.816222971154086485e-01 1.850993030653297899e-01 9.652299405007891409e-02
4.060000000000004050e+00 2.790242465113689230e-01 1.830549221400608328e-01 9.596932437130804849e-02
4.080000000000003624e+00 2.763147223035430367e-01 1.809740623298271567e-01 9.534065997371592160e-02
4.100000000000004086e+00 2.737548124284521767e-01 1.790232858959745210e-01 9.473152653247766952e-02
4.120000000000004547e+00 2.716440250356591535e-01 1.773901462342344082e-01 9.425387880142485630e-02
4.140000000000004121e+00 2.702956522211918955e-01 1.762679780649481776e-01 9.402767415624378733e-02
4.160000000000003695e+00 2.700127309506356599e-01 1.758415149176841275e-01 9.417121603295178223e-02
4.180000000000004157e+00 2.710691539499231473e-01 1.762760675311193515e-01 9.479308641880374031e-02
4.200000000000004619e+00 2.736990531243664870e-01 1.777120384194496583e-01 9.598701470491691201e-02
4.220000000000004192e+00 2.780951714582148293e-01 1.802650072818139104e-01 9.783016417640102991e-02
4.240000000000003766e+00 2.844141841692025552e-01 1.840298885202531487e-01 1.003842956489494065e-01
4.260000000000004228e+00 2.927844994040029181e-01 1.890861529319819989e-01 1.036983464720209192e-01
4.280000000000004690e+00 3.033104908279146694e-01 1.955001539930893428e-01 1.078103368348253127e-01
4.300000000000004263e+00 3.160667259378187044e-01 2.033204293533414642e-01 1.127462965844773929e-01
4.320000000000003837e+00 3.310767803550201394e-01 2.125626199293999263e-01 1.185141604256201575e-01
4.340000000000004299e+00 3.482738650361817401e-01 2.231824938397045932e-01 1.250913711964773967e-01
4.360000000000004761e+00 3.674448448815569312e-01 2.350385271836546996e-01 1.324063176979022871e-01
4.380000000000004334e+00 3.881650550786433507e-01 2.478493686676104812e-01 1.403156864110330360e-01
4.400000000000003908e+00 4.097377108230079168e-01 2.611556283107135945e-01 1.485820825122942668e-01
4.420000000000004370e+00 4.311568990473039764e-01 2.742985709443073739e-01 1.568583281029966026e-01
4.440000000000004832e+00 4.511147935548296406e-01 2.864289246932142374e-01 1.646858688616153199e-01
4.460000000000004405e+00 4.680696889547173445e-01 2.965558079987700713e-01 1.715138809559474953e-01
4.480000000000003979e+00 4.803808183271182641e-01 3.036383387642208609e-01 1.767424795628975420e-01
4.500000000000004441e+00 4.865000235529450823e-01 3.067119095455054789e-01 1.797881140074399364e-01
4.520000000000004903e+00 4.851929320717507932e-01 3.050300313138060715e-01 1.801629007579443609e-01
4.540000000000004476e+00 4.757487065088987777e-01 2.981946009140964970e-01 1.775541055948029467e-01
4.560000000000004050e+00 4.581328648192265485e-01 2.862456521447182545e-01 1.718872126745081830e-01
4.580000000000004512e+00 4.330450848707499967e-01 2.696876773938410299e-01 1.633574074769089113e-01
4.600000000000004974e+00 4.018625627164305048e-01 2.494425264476141657e-01 1.524200362688160615e-01
4.620000000000004547e+00 3.664747670019059544e-01 2.267353478255463295e-01 1.397394191763599858e-01
4.640000000000004121e+00 3.290402009603682898e-01 2.029353163732207088e-01 1.261048845871478308e-01
4.660000000000004583e+00 2.917128600542344685e-01 1.793825497571261973e-01 1.123303102971082851e-01
4.680000000000005045e+00 2.563907231452646207e-01 1.572340562176395562e-01 9.915666692762500900e-02
4.700000000000004619e+00 2.245301332634152547e-01 1.373548492138980670e-01 8.717528404951731258e-02
4.720000000000004192e+00 1.970516594993862725e-01 1.202680582815867927e-01 7.678360121779950753e-02
4.740000000000004654e+00 1.743409377353228318e-01 1.061639017695462928e-01 6.817703596577651126e-02
4.760000000000005116e+00 1.563283889831609541e-01 9.495565106174250203e-02 6.137273792141856310e-02
4.780000000000004690e+00 1.426192283700793428e-01 8.636380911655003323e-02 5.625541925352939288e-02
4.800000000000004263e+00 1.326415548422925639e-01 8.000838965825186888e-02 5.263316518404059785e-02
4.820000000000004725e+00 1.257844537720384792e-01 7.549245878992269509e-02 5.029199498211578412e-02
4.840000000000005187e+00 1.215069685844743785e-01 7.246601378650932568e-02 4.904095479796503898e-02
4.860000000000004761e+00 1.194089842690786302e-01 7.066567301942272561e-02 4.874331124965602946e-02
4.880000000000004334e+00 1.192636400801954516e-01 6.993087564983319071e-02 4.933276443036225395e-02
4.900000000000004796e+00 1.210162904466119682e-01 7.020049913287970678e-02 5.081579131373223368e-02
4.920000000000005258e+00 1.247571207589621839e-01 7.149497334192425613e-02 5.326214741703790001e-02
4.940000000000004832e+00 1.306742528976442830e-01 7.388867295243869981e-02 5.678557994520547214e-02
4.960000000000004405e+00 1.389930446437723233e-01 7.747645263861796527e-02 6.151659200515430248e-02
4.980000000000004867e+00 1.499067377009780933e-01 8.233745952567170234e-02 6.756927817530633540e-02
5.000000000000005329e+00 1.635044860011649615e-01 8.849931471904717850e-02 7.500517128211794948e-02
5.020000000000004903e+00 1.797050023126530172e-01 9.590642718232215980e-02 8.379857513033081573e-02
5.040000000000004476e+00 1.982065187698819619e-01 1.043971212776188540e-01 9.380939749226302471e-02
5.060000000000004938e+00 2.184647554552776039e-01 1.136946269121409669e-01 1.047701285431366647e-01
5.080000000000005400e+00 2.397084856004326470e-01 1.234160048385760239e-01 1.162924807618566370e-01
5.100000000000004974e+00 2.609963285190162741e-01 1.331003703570385333e-01 1.278959581619777408e-01
5.120000000000004547e+00 2.813093559534752819e-01 1.422536541822761458e-01 1.390557017711992471e-01
5.140000000000005009e+00 2.996642930595613263e-01 1.504026597546720412e-01 1.492616333048894794e-01
5.160000000000005471e+00 3.152247719501935497e-01 1.571478419377749791e-01 1.580769300124188481e-01
5.180000000000005045e+00 3.273862217934797592e-01 1.622034252992293757e-01 1.651827964942504390e-01
5.200000000000004619e+00 3.358150053968471660e-01 1.654158755485367616e-01 1.703991298483106820e-01
5.220000000000005080e+00 3.404335157713673232e-01 1.667569438844465624e-01 1.736765718869205388e-01
5.240000000000005542e+00 3.413571352052982011e-01 1.662941137580601914e-01 1.750630214472379820e-01
5.260000000000005116e+00 3.388020231914631308e-01 1.641473226761431814e-01 1.746547005153201160e-01
5.280000000000004690e+00 3.329906280632104476e-01 1.604444476705509104e-01 1.725461803926595095e-01
5.300000000000005151e+00 3.240821298842865850e-01 1.552881057031067213e-01 1.687940241811800024e-01
5.320000000000005613e+00 3.121475359661369242e-01 1.487427887636242341e-01 1.634047472025124681e-01
5.340000000000005187e+00 2.971959848612885091e-01 1.408452565743190110e-01 1.563507282869700254e-01
5.360000000000004761e+00 2.792437198600574710e-01 1.316342103843591294e-01 1.476095094756983972e-01
5.380000000000005222e+00 2.584044629049675468e-01 1.211895441309048527e-01 1.372149187740628606e-01
5.400000000000005684e+00 2.349731974239785970e-01 1.096685458334129004e-01 1.253046515905656966e-01
5.420000000000005258e+00 2.094766223106860614e-01 9.732713542616212854e-02 1.121494868845239884e-01
5.440000000000004832e+00 1.826724567243075137e-01 8.451836160079533034e-02 9.815409512351219723e-02
5.460000000000005294e+00 1.554937738725745699e-01 7.166671662301582479e-02 8.382705724955881454e-02
5.480000000000005755e+00 1.289494793676394246e-01 5.922347779496009434e-02 6.972600157267938581e-02
5.500000000000005329e+00 1.040035003350108789e-01 4.761327889511438038e-02 5.639022143989648461e-02
5.520000000000004903e+00 8.145995505915852586e-02 3.718404460518352078e-02 4.427591045397504671e-02
5.540000000000005365e+00 6.187851869861274445e-02 2.817089637589090256e-02 3.370762232272188352e-02
5.560000000000005826e+00 4.553489502742238959e-02 2.068038491751816865e-02 2.485451010990421400e-02
5.580000000000005400e+00 3.242910163501773468e-02 1.469594524691749185e-02 1.773315638810024630e-02
5.600000000000004974e+00 2.233306344566648657e-02 1.010053255502863304e-02 1.223253089063787782e-02
5.620000000000005436e+00 1.486181645202198746e-02 6.709301343424152811e-03 8.152515108597845062e-03
5.640000000000005898e+00 9.550724826368085091e-03 4.304464427356296218e-03 5.246260399011796680e-03
5.660000000000005471e+00 5.923916671495390966e-03 2.665813770520589557e-03 3.258102900974801843e-03
5.680000000000005045e+00 3.544770700246308460e-03 1.592946968920144453e-03 1.951823731326166392e-03
5.700000000000005507e+00 2.045496584301957459e-03 9.180212634506380257e-04 1.127475320851319650e-03
5.720000000000005969e+00 1.137857781233861387e-03 5.100658282858939498e-04 6.277919529479676543e-04
5.740000000000005542e+00 6.099891329144234084e-04 2.731389266623732723e-04 3.368502062520503529e-04
5.760000000000005116e+00 3.150530200925227321e-04 1.409300026965245299e-04 1.741230173959979583e-04
5.780000000000005578e+00 1.567361240477550171e-04 7.004527015227221369e-05 8.669085389548272205e-05
5.800000000000006040e+00 7.509082822075376670e-05 3.352856950419331051e-05 4.156225871656051718e-05
5.820000000000005613e+00 3.463823482140459273e-05 1.545354456224585132e-05 1.918469025915876174e-05
5.840000000000005187e+00 1.538166361021193820e-05 6.857144459343623035e-06 8.524519150868326174e-06
5.860000000000005649e+00 6.574533171151471995e-06 2.928827666015166978e-06 3.645705505136305018e-06
5.880000000000006111e+00 2.704473061460060555e-06 1.203981588118053895e-06 1.500491473342007930e-06
5.900000000000005684e+00 1.070543857409605987e-06 4.762857964441298495e-07 5.942580609654761906e-07
5.920000000000005258e+00 4.077400823654860908e-07 1.812962160246518884e-07 2.264438663408341495e-07
5.940000000000005720e+00 1.494091077138808526e-07 6.639561695419453089e-08 8.301349075968646732e-08
5.960000000000006182e+00 5.266802362579554115e-08 2.339268086303859134e-08 2.927534276275701267e-08
5.980000000000005755e+00 1.785904899897519970e-08 7.928197927367171443e-09 9.930851071608029907e-09
6.000000000000005329e+00 5.824775361614183646e-09 2.584580627931738996e-09 3.240194733682445064e-09
6.020000000000005791e+00 1.827176636177497076e-09 8.103952243693038804e-10 1.016781411808193609e-09
6.040000000000006253e+00 5.512337592708061349e-10 2.443810201132131419e-10 3.068527391575929930e-10
6.060000000000005826e+00 1.599265718558677033e-10 7.087234281264048793e-11 8.905422904322716363e-11
6.080000000000005400e+00 4.461825636985239293e-11 1.976522514594463538e-11 2.485303122390775755e-11
6.100000000000005862e+00 1.196991534659699481e-11 5.300552972363783231e-12 6.669362374233206728e-12
6.120000000000006324e+00 3.087713870427371618e-12 1.366832996806239356e-12 1.720880873621131858e-12
6.140000000000005898e+00 7.658309442030470020e-13 3.388960479105573143e-13 4.269348962924897382e-13
6.160000000000005471e+00 1.826259014594998652e-13 8.078999553442265217e-14 1.018359059250772383e-13
6.180000000000005933e+00 4.187070975953290676e-14 1.851710833543024194e-14 2.335360142410266482e-14
6.200000000000006395e+00 9.229171558033547808e-15 4.080363297394582645e-15 5.148808260638971474e-15
6.220000000000005969e+00 1.955719174156376673e-15 8.644127465658686599e-16 1.091306427590507619e-15
6.240000000000005542e+00 3.984092993630475022e-16 1.760466056709533574e-16 2.223626936920939970e-16
6.260000000000006004e+00 7.802257321939254579e-17 3.446725109676306451e-17 4.355532212262944430e-17
6.280000000000006466e+00 1.468818974250995229e-17 6.487049891356513517e-18 8.201139851153434152e-18
6.300000000000006040e+00 2.658052369810817191e-18 1.173651682776555079e-18 1.484400687034261149e-18
6.320000000000005613e+00 4.623775328842525553e-19 2.041141222867946966e-19 2.582634105974577143e-19
6.340000000000006075e+00 7.731416938984647344e-20 3.412241460069689787e-20 4.319175478914957557e-20
6.360000000000006537e+00 1.242631690529432057e-20 5.483159865972296790e-21 6.943157039322026792e-21
6.380000000000006111e+00 1.919724825256705125e-21 8.469125937557088257e-22 1.072812231500995923e-21
6.400000000000005684e+00 2.850634114901602742e-22 1.257347566357283246e-22 1.593286548544319967e-22
6.420000000000006146e+00 4.068581769944966694e-23 1.794213591463770979e-23 2.274368178481193658e-23
6.440000000000006608e+00 5.581323695358306730e-24 2.460868162939040544e-24 3.120455532419268022e-24
6.460000000000006182e+00 7.358983680458607541e-25 3.244081054297110869e-25 4.114902626161490244e-25
6.480000000000005755e+00 9.325651815772609615e-26 4.110345099092806906e-26 5.215306716679799265e-26
6.500000000000006217e+00 1.135848571930118605e-26 5.005464628277912878e-27 6.353021091023271015e-27
6.520000000000006679e+00 1.330899377161848239e-27 5.860722372799179367e-28 7.448271398819295852e-28
6.540000000000006253e+00 1.624412730143719344e-28 6.820468474207809815e-29 9.423658827229370174e-29
6.560000000000005826e+00 1.386945645287212458e-28 2.909811535699901061e-29 1.095964491717222744e-28
6.580000000000006288e+00 1.123873479563360855e-27 2.020290462038915545e-28 9.218444333594698386e-28
6.600000000000006750e+00 9.877293607795329577e-27 1.771983690518732613e-27 8.105309917276602345e-27
6.620000000000006324e+00 8.354107110159170989e-26 1.498898286070632440e-26 6.855208824088543140e-26
6.640000000000005898e+00 6.790133308964064865e-25 1.218466386383075353e-25 5.571666922581001451e-25
6.660000000000006359e+00 5.303572581572129617e-24 9.518519661416260778e-25 4.351720615430507948e-24
6.680000000000006821e+00 3.980830373058200121e-23 7.145666506270339226e-24 3.266263722431171488e-23
6.700000000000006395e+00 2.871421915518590444e-22 5.155098163999957664e-23 2.355912099118596617e-22
6.720000000000005969e+00 1.990407356692047907e-21 3.574008620053254223e-22 1.633006494686723237e-21
6.740000000000006430e+00 1.325904327409315095e-20 2.381236481995204433e-21 1.087780679209795516e-20
6.760000000000006892e+00 8.488120522064701377e-20 1.524690833599631765e-20 6.963429688465077436e-20
6.780000000000006466e+00 5.222087276915865323e-19 9.382048907930251719e-20 4.283882386122844605e-19
6.800000000000006040e+00 3.087552319495122695e-18 5.548234756367624226e-19 2.532728843858362198e-18
6.820000000000006501e+00 1.754392627087263960e-17 3.153247737419313784e-18 1.439067853345332351e-17
6.840000000000006963e+00 9.580462972919819237e-17 1.722315504194029979e-17 7.858147468725786176e-17
6.860000000000006537e+00 5.028040178829989430e-16 9.041162398882887400e-17 4.123923938941701923e-16
6.880000000000006111e+00 2.536116466285341289e-15 4.561406218788703874e-16 2.079975844406470015e-15
6.900000000000006573e+00 1.229430360427598145e-14 2.211783237752850853e-15 1.008252036652312744e-14
6.920000000000007034e+00 5.728085246626076407e-14 1.030771943537083433e-14 4.697313303088992342e-14
6.940000000000006608e+00 2.565032108589693419e-13 4.617067572859617809e-14 2.103325351303731891e-13
6.960000000000006182e+00 1.103980641223491804e-12 1.987748604480313965e-13 9.052057807754617956e-13
6.980000000000006644e+00 4.566921377321362914e-12 8.225396950233173981e-13 3.744381682298044911e-12
7.000000000000007105e+00 1.815882673576598409e-11 3.271611649559780955e-12 1.488721508620618617e-11
7.020000000000006679e+00 6.940066998890596972e-11 1.250795048055786622e-11 5.689271950834810673e-11
7.040000000000006253e+00 2.549537529853178260e-10 4.596645289142314674e-11 2.089873000938950153e-10
7.060000000000006715e+00 9.003101182532695664e-10 1.623820830793941196e-10 7.379280351738762482e-10
7.080000000000007176e+00 3.056102393168057409e-09 5.514300118313206668e-10 2.504672381336742946e-09
7.100000000000006750e+00 9.972449952120297396e-09 1.800163409851733673e-09 8.172286542268564344e-09
7.120000000000006324e+00 3.128299812876677149e-08 5.649604875854459700e-09 2.563339325291235976e-08
7.140000000000006786e+00 9.434156884275915643e-08 1.704612518906098584e-08 7.729544365369812427e-08
7.160000000000007248e+00 2.735289036256685951e-07 4.944851009358180566e-08 2.240803935320866968e-07
7.180000000000006821e+00 7.624785457870236260e-07 1.379180229532248640e-07 6.245605228337996091e-07
7.200000000000006395e+00 2.043605520250472640e-06 3.698720692531185946e-07 1.673733450997354998e-06
7.220000000000006857e+00 5.266649796986172835e-06 9.538268473780822179e-07 4.312822949608096546e-06
7.240000000000007319e+00 1.305163938434466473e-05 2.365388647212407325e-06 1.068625073713225148e-05
7.260000000000006892e+00 3.110405373341937178e-05 5.641322767013764913e-06 2.546273096640561703e-05
7.280000000000006466e+00 7.128881325447781136e-05 1.294013623689140534e-05 5.834867701758644667e-05
7.300000000000006928e+00 1.571494767590185851e-04 2.855052899986139473e-05 1.285989477591571294e-04
7.320000000000007390e+00 3.332194880144258493e-04 6.059675606605247143e-05 2.726227319483732559e-04
7.340000000000006963e+00 6.796997352971771754e-04 1.237349005117755992e-04 5.559648347854019828e-04
7.360000000000006537e+00 1.333895221901791085e-03 2.431064085432465280e-04 1.090788813358544666e-03
7.380000000000006999e+00 2.518830758343253325e-03 4.596451166475366357e-04 2.059185641695720700e-03
7.400000000000007461e+00 4.577313831772813341e-03 8.364494653114022162e-04 3.740864366461413293e-03
7.420000000000007034e+00 8.006205447849133391e-03 1.465297283119639015e-03 6.540908164729502400e-03
7.440000000000006608e+00 1.348113506408377300e-02 2.471552905325161316e-03 1.100958215875863164e-02
7.460000000000007070e+00 2.185748705500541872e-02 4.014895605514120711e-03 1.784259144949131709e-02
7.480000000000007532e+00 3.413117700970118296e-02 6.282840610566282902e-03 2.784833639913493475e-02
7.500000000000007105e+00 5.134497199379437632e-02 9.474374721147824432e-03 4.187059727264663689e-02
7.520000000000006679e+00 7.443486953791463023e-02 1.377255737962440607e-02 6.066231215829015477e-02
7.540000000000006253e+00 1.040265688314342130e-01 1.930770743971946951e-02 8.471886139171484753e-02
7.560000000000007603e+00 1.402117271341702942e-01 2.611635762386109449e-02 1.140953695103093246e-01
7.580000000000007176e+00 1.823518310483790150e-01 3.410450923415217495e-02 1.482473218142271176e-01
7.600000000000006750e+00 2.289666918207155510e-01 4.302551946023907420e-02 1.859411723604763311e-01
7.620000000000008100e+00 2.777582914253847179e-01 5.248200545755062063e-02 2.252762859678340834e-01
7.640000000000007674e+00 3.257966132845564466e-01 6.195698087719590103e-02 2.638396324073604138e-01
7.660000000000007248e+00 3.698562316670260808e-01 7.087271939567385548e-02 2.989835122713527804e-01
7.680000000000006821e+00 4.068510566453387156e-01 7.866836209577135475e-02 3.281826945495678327e-01
7.700000000000006395e+00 4.342831090886290490e-01 8.488144350656756654e-02 3.494016655820611494e-01
7.720000000000007745e+00 4.506110193402982911e-01 8.921640458607436874e-02 3.613946147542237419e-01
7.740000000000007319e+00 4.554599096769322841e-01 9.158572893211666677e-02 3.638741807448158117e-01
7.760000000000006892e+00 4.496322528705324340e-01 9.211591981910327576e-02 3.575163330514291027e-01
7.780000000000008242e+00 4.349274125809380886e-01 9.111908309901368963e-02 3.438083294819248570e-01
7.800000000000007816e+00 4.138209866375126555e-01 8.903874213530509063e-02 3.247822445022074400e-01
7.820000000000007390e+00 3.890813961165509038e-01 8.638341980121799768e-02 3.026979763153328506e-01
7.840000000000006963e+00 3.634046721320873252e-01 8.366236748202944551e-02 2.797423046500582267e-01
7.860000000000006537e+00 3.391312359039080904e-01 8.133489388555892319e-02 2.577963420183492227e-01
7.880000000000007887e+00 3.180787644565798988e-01 7.977944476951792652e-02 2.382993196870621389e-01
7.900000000000007461e+00 3.014933535538278364e-01 7.928277505727382435e-02 2.222105784965542341e-01
7.920000000000007034e+00 2.900959901967588017e-01 8.004490313682668945e-02 2.100510870599324176e-01
7.940000000000008384e+00 2.841877700799854134e-01 8.219304871100507892e-02 2.019947213689805843e-01
7.960000000000007958e+00 2.837758119086911113e-01 8.579762103613657043e-02 1.979781908725544715e-01
7.980000000000007532e+00 2.886894068056623519e-01 9.088503202879824605e-02 1.978043747768643834e-01
8.000000000000007105e+00 2.986678381343334521e-01 9.744471993581174663e-02 2.012231181985214556e-01
8.020000000000006679e+00 3.134128477623238651e-01 1.054302586577307715e-01 2.079825891045931074e-01
8.040000000000008029e+00 3.326067564859092052e-01 1.147560152451591181e-01 2.178507412407504340e-01
8.060000000000007603e+00 3.559008974692728366e-01 1.252912251338349214e-01 2.306096723354379985e-01
8.080000000000007176e+00 3.828796728840360153e-01 1.368529012019788493e-01 2.460267716820573880e-01
8.100000000000008527e+00 4.130059599472049592e-01 1.491984521022279853e-01 2.638075078449774180e-01
8.120000000000008100e+00 4.455563838485348538e-01 1.620190875129032815e-01 2.835372963356315168e-01
8.140000000000007674e+00 4.795609150469961612e-01 1.749363982503301385e-01 3.046245167966659118e-01
8.160000000000007248e+00 5.137682655534897558e-01 1.875064355236539804e-01 3.262618300298358309e-01
8.180000000000006821e+00 5.466621666765506538e-01 1.992368839407844261e-01 3.474252827357664497e-01
8.200000000000008171e+00 5.765489518109419009e-01 2.096219939054947412e-01 3.669269579054476038e-01
8.220000000000007745e+00 6.017216145260304572e-01 2.181959389799627280e-01 3.835256755460673128e-01
8.240000000000007319e+00 6.206821191884958067e-01 2.245987492136156671e-01 3.960833699748800840e-01
8.260000000000008669e+00 6.323795583279955279e-01 2.286420562238746790e-01 4.037375021041210710e-01
8.280000000000008242e+00 6.364064706652199366e-01 2.303575180162220626e-01 4.060489526489979850e-01
8.300000000000007816e+00 6.330970334191858839e-01 2.300114422647104306e-01 4.030855911544749537e-01
8.320000000000007390e+00 6.234908961259296722e-01 2.280755357676460815e-01 3.954153603582835075e-01
8.340000000000006963e+00 6.091598590151783288e-01 2.251543569954040924e-01 3.840055020197749025e-01
8.360000000000008313e+00 5.919307609258682712e-01 2.218816659552040327e-01 3.700490949706645716e-01
8.380000000000007887e+00 5.735650727750263300e-01 2.188067129168172475e-01 3.547583598582091380e-01
8.400000000000007461e+00 5.554655346180450426e-01 2.162948149489972993e-01 3.391707196690480486e-01
8.420000000000008811e+00 5.384707659331319229e-01 2.144634630659966734e-01 3.240073028671351940e-01
8.440000000000008384e+00 5.227744419718675095e-01 2.131668086584357913e-01 3.096076333134314962e-01
8.460000000000007958e+00 5.079746091702938005e-01 2.120302162166126103e-01 2.959443929536813567e-01
8.480000000000007532e+00 4.932298997103245486e-01 2.105256350317673553e-01 2.827042646785571933e-01
8.500000000000007105e+00 4.774796031975515609e-01 2.080704589911256952e-01 2.694091442064259212e-01
8.520000000000008455e+00 4.596770896856704480e-01 2.041289964076431762e-01 2.555480932780274661e-01
8.540000000000008029e+00 4.389907403354470494e-01 1.982971402300676145e-01 2.406936001053798235e-01
8.560000000000007603e+00 4.149403633281188997e-01 1.903565645557209751e-01 2.245837987723979245e-01
8.580000000000008953e+00 3.874554800462303161e-01 1.802930105140645167e-01 2.071624695321662157e-01
8.600000000000008527e+00 3.568599064182247926e-01 1.682816354696022865e-01 1.885782709486228392e-01
8.620000000000008100e+00 3.238005604962358452e-01 1.546487484261806489e-01 1.691518120700550853e-01
8.640000000000007674e+00 2.891449694122818492e-01 1.398220813858582212e-01 1.493228880264237113e-01
8.660000000000007248e+00 2.538713203513317529e-01 1.242808201584428146e-01 1.295905001928888689e-01
8.680000000000008598e+00 2.189689409596365932e-01 1.085129457961914456e-01 1.104559951634451476e-01
8.700000000000008171e+00 1.853588571501432747e-01 9.298279813771456737e-02 9.237605901242867956e-02
8.720000000000007745e+00 1.538366345445580374e-01 7.810796930786037540e-02 7.572866523669775918e-02
8.740000000000009095e+00 1.250350889914945973e-01 6.424280054254141725e-02 6.079228844895311762e-02
8.760000000000008669e+00 9.940310281703236550e-02 5.166600967945281231e-02 4.773709313757953931e-02
8.780000000000008242e+00 7.719776270867009793e-02 4.057155042316414051e-02 3.662621228550592273e-02
8.800000000000007816e+00 5.848871739882380294e-02 3.106352674397291902e-02 2.742519065485090474e-02
8.820000000000007390e+00 4.317459321400508171e-02 2.315686394875679857e-02 2.001772926524825885e-02
8.840000000000008740e+00 3.101084503570215173e-02 1.678506297965472183e-02 1.422578205604740562e-02
8.860000000000008313e+00 2.164682118513926168e-02 1.181498729092157404e-02 9.831833894217720596e-03
8.880000000000007887e+00 1.466795409837188049e-02 8.066934889091458005e-03 6.601019209280434633e-03
8.900000000000009237e+00 9.637807433136937746e-03 5.336971249095588156e-03 4.300836184041350457e-03
8.920000000000008811e+00 6.134788941065799465e-03 3.418111358392891472e-03 2.716677582672907560e-03
8.940000000000008384e+00 3.779672746926504567e-03 2.117495627333558852e-03 1.662177119592946365e-03
8.960000000000007958e+00 2.252175387223722628e-03 1.267903929835334509e-03 9.842714573883889866e-04
8.980000000000007532e+00 1.297003777824350633e-03 7.333290318202509818e-04 5.636747460041007353e-04
9.000000000000008882e+00 7.214451739816041091e-04 4.094640932008459210e-04 3.119810807807584050e-04
9.020000000000008455e+00 3.873933489666937942e-04 2.206090847521340504e-04 1.667842642145595270e-04
9.040000000000008029e+00 2.007161535093906449e-04 1.146396229616621662e-04 8.607653054772873623e-05
9.060000000000009379e+00 1.003070767121596826e-04 5.743651197269696788e-05 4.287056473946276891e-05
9.080000000000008953e+00 4.834716801145455800e-05 2.773655663310255307e-05 2.061061137835195749e-05
9.100000000000008527e+00 2.250952765745714036e-05 1.290866149925091314e-05 9.600866158206244167e-06
9.120000000000008100e+00 1.023375812453525144e-05 5.794877349289275395e-06 4.438880775245977739e-06
9.140000000000007674e+00 4.836306786305474407e-06 2.525473848041119854e-06 2.310832938264359211e-06
9.160000000000009024e+00 3.078384723190466152e-06 1.110462402847668206e-06 1.967922320342799217e-06
9.180000000000008598e+00 3.823324641956577402e-06 5.919503213543026617e-07 3.231374320602271035e-06
9.200000000000008171e+00 7.514848794781239029e-06 5.730942407226647211e-07 6.941754554058577696e-06
9.220000000000009521e+00 1.634706640082045795e-05 9.894358233041342072e-07 1.535763057751635255e-05
9.240000000000009095e+00 3.514339394067195898e-05 2.038138282576607700e-06 3.310525565809536357e-05
9.260000000000008669e+00 7.309067367973250270e-05 4.221133279847096722e-06 6.886954039988542461e-05
9.280000000000008242e+00 1.465585436118263724e-04 8.486407635425905562e-06 1.380721359764005380e-04
9.300000000000007816e+00 2.832318932398722585e-04 1.646682951685259834e-05 2.667650637230196162e-04
9.320000000000009166e+00 5.276431669036362598e-04 3.081731864107511390e-05 4.968258482625606716e-04
9.340000000000008740e+00 9.478616666304726492e-04 5.563783270765469767e-05 8.922238339228185343e-04
9.360000000000008313e+00 1.642563975315085517e-03 9.694171603672168801e-05 1.545622259278365239e-03
9.380000000000009663e+00 2.747034293328986729e-03 1.630901047919031403e-04 2.583944188537082992e-03
9.400000000000009237e+00 4.435995854936006406e-03 2.650727554860392732e-04 4.170923099449967350e-03
9.420000000000008811e+00 6.920831268736414750e-03 4.164895572819193176e-04 6.504341711454494565e-03
9.440000000000008384e+00 1.043903177668709797e-02 6.330941896786972892e-04 9.805937587008402637e-03
9.460000000000007958e+00 1.523486244082996460e-02 9.318176861063643627e-04 1.430304475472358658e-02
9.480000000000009308e+00 2.153224111489361256e-02 1.329298545875883582e-03 2.020294256901772334e-02
9.500000000000008882e+00 2.950334136443352739e-02 1.840091045625288566e-03 2.766325031880823709e-02
9.520000000000008455e+00 3.923872099490554460e-02 2.474866653027938193e-03 3.676385434187758039e-02
9.540000000000009805e+00 5.072594424145560749e-02 3.239013741337234444e-03 4.748693050011841554e-02
9.560000000000009379e+00 6.384295231117474712e-02 4.132030852134874026e-03 5.971092145903993120e-02
9.580000000000008953e+00 7.836960886815172445e-02 5.147975929332221368e-03 7.322163293881950308e-02
9.600000000000008527e+00 9.401642495546352896e-02 6.276995522000911737e-03 8.773942943346266232e-02
9.620000000000008100e+00 1.104646818549252368e-01 7.507672404169934456e-03 1.029570094507552686e-01
9.640000000000009450e+00 1.274085938316050493e-01 8.829681402882044380e-03 1.185789124287231072e-01
9.660000000000009024e+00 1.445891310206226799e-01 1.023611312466174081e-02 1.343530178959610466e-01
9.680000000000008598e+00 1.618112265655085591e-01 1.172486381771040663e-02 1.500863627477981022e-01
9.700000000000009948e+00 1.789408352448979278e-01 1.329869670838656169e-02 1.656421385365114407e-01
9.720000000000009521e+00 1.958842674086025415e-01 1.496390466828830673e-02 1.809203627403141446e-01
9.740000000000009095e+00 2.125575072789308018e-01 1.672786002265439637e-02 1.958296472562766344e-01
9.760000000000008669e+00 2.288561492455472024e-01 1.859602979585190871e-02 2.102601194496953874e-01
9.780000000000008242e+00 2.446362310243489768e-01 2.056918590901779184e-02 2.240670451153313203e-01
9.800000000000009592e+00 2.597127486799868934e-01 2.264150797095895382e-02 2.370712407090277973e-01
9.820000000000009166e+00 2.738771215806171111e-01 2.480006422444271108e-02 2.490770573561746637e-01
9.840000000000008740e+00 2.869290293922958646e-01 2.702581062283791746e-02 2.599032187694580998e-01
9.860000000000010090e+00 2.987135871633582185e-01 2.929585037750959825e-02 2.694177367858488492e-01
9.880000000000009663e+00 3.091529883594373862e-01 3.158634680129156214e-02 2.775666415581460322e-01
9.900000000000009237e+00 3.182629545516784120e-01 3.387527787094632425e-02 2.843876766807318934e-01
9.920000000000008811e+00 3.261481602328968332e-01 3.614423057052977561e-02 2.900039296623669327e-01
9.940000000000008384e+00 3.329761780879363919e-01 3.837867507805504952e-02 2.945975030098813563e-01
9.960000000000009734e+00 3.389350301185062864e-01 4.056658784246595928e-02 2.983684422760400912e-01
9.980000000000009308e+00 3.441837931556460672e-01 4.269580241574755242e-02 3.014879907398984593e-01
1.000000000000000888e+01 3.488078732351305167e-01 4.475091278712294007e-02 3.040569604480076737e-01
1.002000000000001023e+01 3.527900027587391185e-01 4.671079150645331135e-02 3.060792112522860986e-01
1.004000000000000981e+01 3.560047742333097842e-01 4.854771672487465106e-02 3.074570575084354385e-01
1.006000000000000938e+01 3.582392465140886717e-01 5.022871765983854403e-02 3.080105288542501762e-01
1.008000000000000895e+01 3.592360141380437910e-01 5.171913860116396366e-02 3.075168755368798967e-01
1.010000000000000853e+01 3.587496168686882259e-01 5.298776242524539520e-02 3.057618544434426711e-01
1.012000000000000988e+01 3.566037602347468249e-01 5.401233103284732578e-02 3.025914292018994090e-01
1.014000000000000945e+01 3.527365268851573310e-01 5.478411761065719171e-02 2.979524092745002295e-01
1.016000000000000902e+01 3.472237476056877492e-01 5.531040907780562788e-02 2.919133385278820381e-01
1.018000000000001037e+01 3.402761609357440320e-01 5.561428562558729666e-02 2.846618753101565202e-01
1.020000000000000995e+01 3.322123562509620154e-01 5.573177263912640345e-02 2.764805836118358062e-01
1.022000000000000952e+01 3.234149568126029606e-01 5.570707875956801974e-02 2.677078780530347535e-01
1.024000000000000909e+01 3.142806129606535714e-01 5.558704229359585913e-02 2.586935706670576707e-01
1.026000000000000867e+01 3.051745309927340055e-01 5.541599596636007097e-02 2.497585350263739623e-01
1.028000000000001002e+01 2.963978270304400975e-01 5.523205041148837591e-02 2.411657766189516938e-01
1.030000000000000959e+01 2.881720942457421941e-01 5.506540911522656012e-02 2.331066851305156340e-01
1.032000000000000917e+01 2.806416224640883583e-01 5.493892504048396991e-02 2.257026974236044647e-01
1.034000000000001052e+01 2.738908846090933880e-01 5.487083188468745709e-02 2.190200527244060558e-01
1.036000000000001009e+01 2.679737369292265470e-01 5.487948953137249120e-02 2.130942473978541529e-01
1.038000000000000966e+01 2.629510252974936457e-01 5.499002312370664808e-02 2.079610021737871572e-01
1.040000000000000924e+01 2.589340789907776941e-01 5.524276186526385496e-02 2.036913171255137489e-01
1.042000000000000881e+01 2.561317780454723247e-01 5.570320706349619899e-02 2.004285709819762229e-01
1.044000000000001016e+01 2.548975690523912485e-01 5.647272285720585094e-02 1.984248461951856335e-01
1.046000000000000973e+01 2.557696655154269583e-01 5.769820986693528775e-02 1.980714556484917677e-01
1.048000000000000931e+01 2.594933090490363914e-01 5.957784547104594264e-02 1.999154635779903932e-01
1.050000000000001066e+01 2.670100038698556832e-01 6.235893682284197881e-02 2.046510670470137461e-01
1.052000000000001023e+01 2.793974819589348790e-01 6.632361165949143822e-02 2.130738702994435796e-01
1.054000000000000981e+01 2.977483819742064441e-01 7.175909894280071977e-02 2.259892830314058076e-01
1.056000000000000938e+01 3.229868872202379948e-01 7.891215066331483396e-02 2.440747365569233551e-01
1.058000000000000895e+01 3.556403260951485623e-01 8.793161944197912250e-02 2.677087066531692594e-01
1.060000000000001030e+01 3.956033336924856814e-01 9.880844662917595556e-02 2.967948870633099756e-01
1.062000000000000988e+01 4.419489974528076348e-01 1.113266883416982878e-01 3.306223091111094581e-01
1.064000000000000945e+01 4.928466522937767214e-01 1.250407334923527569e-01 3.678059188014237701e-01
1.066000000000001080e+01 5.456337344104437159e-01 1.392910085069447024e-01 4.063427259034987360e-01
1.068000000000001037e+01 5.970586319129604913e-01 1.532629618333693489e-01 4.437956700795913090e-01
1.070000000000000995e+01 6.436691009718511491e-01 1.660834938149920448e-01 4.775856071568588268e-01
1.072000000000000952e+01 6.822788690318478677e-01 1.769383074695747016e-01 5.053405615622732494e-01
1.074000000000000909e+01 7.104178003065537705e-01 1.851865180689478696e-01 5.252312822376064005e-01
1.076000000000001044e+01 7.266690640558931547e-01 1.904480242053445405e-01 5.362210398505482534e-01
1.078000000000001002e+01 7.308223792132211294e-01 1.926452892309888920e-01 5.381770899822326815e-01
1.080000000000000959e+01 7.238180964989936461e-01 1.919925193277712272e-01 5.318255771712221414e-01
1.082000000000001094e+01 7.075080549589763956e-01 1.889381384230104932e-01 5.185699165359658469e-01
1.084000000000001052e+01 6.842998789828149686e-01 1.840769244304512886e-01 5.002229545523639853e-01
1.086000000000001009e+01 6.567704016860296257e-01 1.780532780778404933e-01 4.787171236081889658e-01
1.088000000000000966e+01 6.273283309726181978e-01 1.714760204242017916e-01 4.558523105484162952e-01
1.090000000000000924e+01 5.979815957466607657e-01 1.648591476242114995e-01 4.331224481224498213e-01
1.092000000000001059e+01 5.702315704270133345e-01 1.585947117319198296e-01 4.116368586950938102e-01
1.094000000000001016e+01 5.450855085496840724e-01 1.529561808603779882e-01 3.921293276893063062e-01
1.096000000000000973e+01 5.231574395665693489e-01 1.481251401188930505e-01 3.750322994476762428e-01
1.098000000000001108e+01 5.048187156990633362e-01 1.442316057680956276e-01 3.605871099309675420e-01
1.100000000000001066e+01 4.903600685076091037e-01 1.413979885271044457e-01 3.489620799805048801e-01
1.102000000000001023e+01 4.801329639312256758e-01 1.397777601404754377e-01 3.403552037907504046e-01
1.104000000000000981e+01 4.746451134194629717e-01 1.395811817860574400e-01 3.350639316334055873e-01
1.106000000000000938e+01 4.745912678544624286e-01 1.410816871687711749e-01 3.335095806856914202e-01
1.108000000000001073e+01 4.808065855555361257e-01 1.445980480733919382e-01 3.362085374821441319e-01
1.110000000000001030e+01 4.941383367119598913e-01 1.504501028501011861e-01 3.436882338618587607e-01
1.112000000000000988e+01 5.152447552739017889e-01 1.588902930816966652e-01 3.563544621922056232e-01
1.114000000000001123e+01 5.443475912845409104e-01 1.700194723227523297e-01 3.743281189617884142e-01
1.116000000000001080e+01 5.809840610441832087e-01 1.837022183908175732e-01 3.972818426533657465e-01
1.118000000000001037e+01 6.238180349452631113e-01 1.995019522910055909e-01 4.243160826542572983e-01
1.120000000000000995e+01 6.705720117953286596e-01 2.166569621660814349e-01 4.539150496292470027e-01
1.122000000000000952e+01 7.181255496649490144e-01 2.341131545020322113e-01 4.840123951629169419e-01
1.124000000000001087e+01 7.627926386280955429e-01 2.506180770279577974e-01 5.121745616001376344e-01
1.126000000000001044e+01 8.007471006022752746e-01 2.648658917298887250e-01 5.358812088723865497e-01
1.128000000000001002e+01 8.285238837076096541e-01 2.756687766302171605e-01 5.528551070773927156e-01
1.130000000000001137e+01 8.434986064003962003e-01 2.821213686522826003e-01 5.613772377481139886e-01
1.132000000000001094e+01 8.442472901381552486e-01 2.837245953927879372e-01 5.605226947453681996e-01
1.134000000000001052e+01 8.307141727754906446e-01 2.804440642896176561e-01 5.502701084858729885e-01
1.136000000000001009e+01 8.041601906854018988e-01 2.726934897890132548e-01 5.314667008963886996e-01
1.138000000000000966e+01 7.669144828765961375e-01 2.612507407443670493e-01 5.056637421322289772e-01
1.140000000000001101e+01 7.219915865254941112e-01 2.471279627073593721e-01 4.748636238181341840e-01
1.142000000000001059e+01 6.726576770627989976e-01 2.314243380256108540e-01 4.412333390371880881e-01
1.144000000000001016e+01 6.220273866802075169e-01 2.151893862272331037e-01 4.068380004529746352e-01
1.146000000000001151e+01 5.727526806865075315e-01 1.993177567029096042e-01 3.734349239835981216e-01
1.148000000000001108e+01 5.268356516786273369e-01 1.844862406501994734e-01 3.423494110284279746e-01
1.150000000000001066e+01 4.855672753515857809e-01 1.711334879135324172e-01 3.144337874380532805e-01
1.152000000000001023e+01 4.495712041782649604e-01 1.594750962131602501e-01 2.900961079651045438e-01
1.154000000000000981e+01 4.189188781895837321e-01 1.495424727541617427e-01 2.693764054354220172e-01
1.156000000000001116e+01 3.932794290518593638e-01 1.412330494657662028e-01 2.520463795860931056e-01
1.158000000000001073e+01 3.720725813825426220e-01 1.343611677163740470e-01 2.377114136661685195e-01
1.160000000000001030e+01 3.546016890220712314e-01 1.287020589679515603e-01 2.258996300541198932e-01
1.162000000000001165e+01 3.401541031382001035e-01 1.240247688648834223e-01 2.161293342733166811e-01
1.164000000000001123e+01 3.280650228785116918e-01 1.201128580531237167e-01 2.079521648253876975e-01
1.166000000000001080e+01 3.177476207259429808e-01 1.167738862962164614e-01 2.009737344297267136e-01
1.168000000000001037e+01 3.086962732117043973e-01 1.138399857115018066e-01 1.948562875002023964e-01
1.170000000000000995e+01 3.004715299575194121e-01 1.111624063843769661e-01 1.893091235731423905e-01
1.172000000000001130e+01 2.926757171503745480e-01 1.086030202121477384e-01 1.840726969382268374e-01
1.174000000000001087e+01 2.849274936286299575e-01 1.060256253340667726e-01 1.789018682945630045e-01
1.176000000000001044e+01 2.768426974596178702e-01 1.032896293840550178e-01 1.735530680755631439e-01
1.178000000000001180e+01 2.680274973441063024e-01 1.002482927913970479e-01 1.677792045527095599e-01
1.180000000000001137e+01 2.580879430176690748e-01 9.675306481728035424e-02 1.613348782003886650e-01
1.182000000000001094e+01 2.466571693253054032e-01 9.266451305773518166e-02 1.539926562675703325e-01
1.184000000000001052e+01 2.334376901540286264e-01 8.786891035356872437e-02 1.455687798004599576e-01
1.186000000000001009e+01 2.182518958762386663e-01 8.229789003417624371e-02 1.359540058420622699e-01
1.188000000000001144e+01 2.010901003014253507e-01 7.594712514109035195e-02 1.251429751603349017e-01
1.190000000000001101e+01 1.821436468498270622e-01 6.888926495051744814e-02 1.132543818993095447e-01
1.192000000000001059e+01 1.618118377535349706e-01 6.127682340859619270e-02 1.005350143449387501e-01
1.194000000000001194e+01 1.406761370493067875e-01 5.333249530533226701e-02 8.734364174397456215e-02
1.196000000000001151e+01 1.194423733948515864e-01 4.532715680111103207e-02 7.411521659374054050e-02
1.198000000000001108e+01 9.885959711918741732e-02 3.754884687100201041e-02 6.131075024818549019e-02
1.200000000000001066e+01 7.963040527923928580e-02 3.026839599837304051e-02 4.936200928086627304e-02
1.202000000000001023e+01 6.232992600330087424e-02 2.370829348048689514e-02 3.862163252281399645e-02
1.204000000000001158e+01 4.734844580362666810e-02 1.802055285497117937e-02 2.932789294865550261e-02
1.206000000000001116e+01 3.486660950569527018e-02 1.327702515968602962e-02 2.158958434600926832e-02
1.208000000000001073e+01 2.486420717149224330e-02 9.472580106734946812e-03 1.539162706475730516e-02
1.210000000000001208e+01 1.715623342190671433e-02 6.538763258893392355e-03 1.061747016301333064e-02
1.212000000000001165e+01 1.144516131307440725e-02 4.363710800923683089e-03 7.081450512150708546e-03
1.214000000000001123e+01 7.377124884600743011e-03 2.813613982084224672e-03 4.563510902516516171e-03
1.216000000000001080e+01 4.591630556832958406e-03 1.751752841298169668e-03 2.839877715534791340e-03
1.218000000000001037e+01 2.758305638905809726e-03 1.052601245679997844e-03 1.705704393225813183e-03
1.220000000000001172e+01 1.598534067699447156e-03 6.101655800667675923e-04 9.883684876326806479e-04
1.222000000000001130e+01 8.933824847068358313e-04 3.410811173168295596e-04 5.523013673900064886e-04
1.224000000000001087e+01 4.813281531259413939e-04 1.838007433750481450e-04 2.975274097508931676e-04
1.226000000000001222e+01 2.499212332515927449e-04 9.545249073341689500e-05 1.544687425181760668e-04
1.228000000000001180e+01 1.250282012010615451e-04 4.775990459869904937e-05 7.726829660236253635e-05
1.230000000000001137e+01 6.024953440149692321e-05 2.301836838184968511e-05 3.723116601964724488e-05
1.232000000000001094e+01 2.796079836380035562e-05 1.068391597502020209e-05 1.727688238878015523e-05
1.234000000000001052e+01 1.249438021693816563e-05 4.774753201135718787e-06 7.719627015802443457e-06
1.236000000000001187e+01 5.374979758166560394e-06 2.054301203022108607e-06 3.320678555144450093e-06
1.238000000000001144e+01 2.225722842151382351e-06 8.507572283216451239e-07 1.374965613829736592e-06
1.240000000000001101e+01 8.870317936733446742e-07 3.390920539628710922e-07 5.479397397104733702e-07
1.242000000000001236e+01 3.401955363259841192e-07 1.300612190198800381e-07 2.101343173061039223e-07
1.244000000000001194e+01 1.255428207640312194e-07 4.800086806038045754e-08 7.754195270365066924e-08
1.246000000000001151e+01 4.457444965817318754e-08 1.704428065661876632e-08 2.753016900155441129e-08
1.248000000000001108e+01 1.522551077772101489e-08 5.822342448313441527e-09 9.403168329407571706e-09
1.250000000000001066e+01 5.002809501391239064e-09 1.913246564074125249e-09 3.089562937317114642e-09
