# q_distance branch_1_THz branch_2_THz branch_3_THz branch_4_THz branch_5_THz branch_6_THz branch_7_THz branch_8_THz branch_9_THz branch_10_THz branch_11_THz branch_12_THz
0.000000000000000000e+00 -2.715378299956360485e-04 -3.341631043487157496e-05 -3.341609464079803987e-05 1.182714984085453391e+00 1.182714984085459164e+00 3.191942891191317688e+00 6.298986548435745902e+00 6.302318039405862216e+00 7.960706655016317690e+00 7.960706655016320354e+00 8.756627123685259306e+00 8.756627123685266412e+00
1.412699609166187011e-03 -6.158218051447079695e-04 3.348181163362706075e-02 5.687681756250716897e-02 1.183134418127610221e+00 1.184441175174330674e+00 3.191865369514978568e+00 6.298807474678009832e+00 6.302194231495087173e+00 7.960552940335634098e+00 7.960579777328184115e+00 8.756450244221143819e+00 8.756519128186427636e+00
2.825399218332374021e-03 3.515076679219806492e-03 6.695885559048304903e-02 1.137331210626697786e-01 1.184391554598739127e+00 1.189597944211165492e+00 3.191633422949607723e+00 6.298270497073414909e+00 6.301822964917337622e+00 7.960091761937185595e+00 7.960199228175061315e+00 8.755919599558071198e+00 8.756195221482460767e+00
4.238098827498561032e-03 8.829179956342705915e-03 1.004263049279427306e-01 1.705482770205139220e-01 1.186482908759818322e+00 1.198121284448721013e+00 3.191248910881553602e+00 6.297376347109221228e+00 6.301204711143599368e+00 7.959323016892844826e+00 7.959565259307924912e+00 8.755035170980638881e+00 8.755655642946461370e+00
5.650798436664748042e-03 1.610006896420371897e-02 1.338793600812294426e-01 2.273014981584826621e-01 1.189402713149872115e+00 1.209908986872623604e+00 3.190714945647975309e+00 6.296126245537185362e+00 6.300340255983639004e+00 7.958246534125669847e+00 7.958678290368796482e+00 8.753796927618909152e+00 8.754900791518503311e+00
7.063498045830935053e-03 2.524200476307620483e-02 1.673132071081887273e-01 2.839717317296893140e-01 1.193142977138742511e+00 1.224826641224538548e+00 3.190035912722427813e+00 6.294521904788613398e+00 6.299230699625532282e+00 7.956862075113312116e+00 7.957538908976065528e+00 8.752204826931938797e+00 8.753931225682642037e+00
8.476197654997120329e-03 3.613171233419251033e-02 2.007230167943437893e-01 3.405375693178352425e-01 1.197693568148200161e+00 1.242714821549696147e+00 3.189217499265541100e+00 6.292565532366630521e+00 6.297877456695574416e+00 7.955169334869964359e+00 7.956147870843421011e+00 8.750258815384531985e+00 8.752747663434034209e+00
9.888897264163308207e-03 4.863106895273304475e-02 2.341039413782913803e-01 3.969771517692453622e-01 1.203042312507199840e+00 1.263396605366266412e+00 3.188266731329754133e+00 6.290259835226586382e+00 6.296282256343252115e+00 7.953167943203981238e+00 7.954506099931911933e+00 8.747958829317189711e+00 8.751350982235628351e+00
1.130159687332949435e-02 6.259603455521754733e-02 2.674511109863038638e-01 4.532680695776641344e-01 1.209175113487893416e+00 1.286684700913844459e+00 3.187192020086315303e+00 6.287608025158666791e+00 6.294447142357128655e+00 7.950857466247611249e+00 7.952614688634426443e+00 8.745304796008934289e+00 8.749742218963346474e+00
1.271429648249568049e-02 7.788285843816514231e-02 3.007596300067257866e-01 5.093872579271875312e-01 1.216076083753317549e+00 1.312387675344553584e+00 3.186003217518431185e+00 6.284613825189297565e+00 6.292374473318822048e+00 7.948237408254430925e+00 7.950474897991738565e+00 8.742296634933021338e+00 8.747922569838967988e+00
1.412699609166186837e-02 9.435269507454846494e-02 3.340245734533307531e-01 5.653108854684854023e-01 1.223727689245607708e+00 1.340315015457461456e+00 3.184711682093900542e+00 6.281281477020772108e+00 6.290066922803546845e+00 7.945307213659709156e+00 7.948088157939221077e+00 8.738934259205320743e+00 8.745893390349213092e+00
1.553969570082805451e-02 1.118748648150736935e-01 3.672409833315076755e-01 6.210142358653527594e-01 1.232110901454444241e+00 1.370280957753661211e+00 3.183330354991258826e+00 6.277615749530620626e+00 6.287527479636893624e+00 7.942066269397827227e+00 7.945456067582888693e+00 8.735217577225423469e+00 8.743656195149792865e+00
1.695239530999424066e-02 1.303289343473384154e-01 4.004038650128495247e-01 6.764715811355560549e-01 1.241205355024801671e+00 1.402107169905090878e+00 3.181873847499665953e+00 6.273621948354307420e+00 6.284759448218760980e+00 7.938513907470829523e+00 7.942580395503596513e+00 8.731146494510298339e+00 8.741212657952512899e+00
1.836509491916043027e-02 1.496058211920137659e-01 4.335081836213341977e-01 7.316560458161885938e-01 1.250989507779007637e+00 1.435624448490841143e+00 3.180358540238983789e+00 6.269305926576362431e+00 6.281766448926574320e+00 7.934649407761209972e+00 7.939463080087678648e+00 8.726720915720939331e+00 8.738564611393856651e+00
1.977779452832661988e-02 1.696081398521752936e-01 4.665488604345922607e-01 7.865394610178199075e-01 1.261440800427695130e+00 1.470673629434955609e+00 3.178802694842964183e+00 6.264674096556061222e+00 6.278552418611033303e+00 7.930472001082001121e+00 7.936106229882363472e+00 8.721940746882063777e+00 8.735714046882659289e+00
2.119049413749280256e-02 1.902499956010535176e-01 4.995207693015514816e-01 8.410922075022814193e-01 1.272535813507240432e+00 1.507105904290571008e+00 3.177226578703844506e+00 6.259733442914278356e+00 6.275121611198939853e+00 7.925980872456514170e+00 7.932512123973910256e+00 8.716805897795543601e+00 8.732663114424742190e+00
2.260319374665899217e-02 2.114564040294235059e-01 5.324187330799855511e-01 8.952830470462317392e-01 1.284250419392331199e+00 1.544782712626034504e+00 3.175652603274373043e+00 6.254491536707626587e+00 6.271478598418570805e+00 7.921175164620196441e+00 7.928683212386348877e+00 8.711316284648351171e+00 8.729414122421873756e+00
2.401589335582518178e-02 2.331624799904850887e-01 5.652375200959764978e-01 9.490789415536434737e-01 1.296559927570569704e+00 1.583575349813840072e+00 3.174105476242865986e+00 6.248956550815001343e+00 6.267628270664323153e+00 7.916053981736363099e+00 7.924622116498196256e+00 8.705471832816060740e+00 8.725969537442301416e+00
2.542859296499136446e-02 2.553125052573195219e-01 5.979718406280913889e-01 1.002444859685132528e+00 1.309439221715865020e+00 1.623364397905710854e+00 3.172612367611415074e+00 6.243137276559081350e+00 6.263575838018420328e+00 7.910616393318012030e+00 7.920331629474583579e+00 8.699272479863491725e+00 8.722331983959792368e+00
2.684129257415755407e-02 2.778589538191960084e-01 6.306163434197772366e-01 1.055343571214066634e+00 1.322862887443945201e+00 1.664039058983796338e+00 3.171203089282286669e+00 6.237043141581914973e+00 6.259326831448415618e+00 7.904861438347346336e+00 7.915814716711623511e+00 8.692718178744366142e+00 8.718504244057932340e+00
2.825399218332374368e-02 3.007615288095712436e-01 6.631656122229061534e-01 1.107735429940478022e+00 1.336805329963182576e+00 1.705496447033164609e+00 3.169910287150701222e+00 6.230684228988401685e+00 6.254887104200312464e+00 7.898788129585152973e+00 7.911074516289774650e+00 8.685808901202417331e+00 8.714489257096065700e+00
2.966669179248992635e-02 3.239862457165808007e-01 6.956141623763112403e-01 1.159578146848331714e+00 1.351240881138948469e+00 1.747640876184344050e+00 3.168769643861396368e+00 6.224071297764608879e+00 6.250262833408132046e+00 7.892395458061918667e+00 7.906114339432453342e+00 8.678544641377071045e+00 8.710290119333173209e+00
3.107939140165611597e-02 3.475045821853575134e-01 7.279564374231800583e-01 1.210826556338407300e+00 1.366143895762522265e+00 1.790383169601202029e+00 3.167820089250430016e+00 6.217215804468628093e+00 6.245460521941622822e+00 7.885682397743144278e+00 7.900937670965993753e+00 8.670925419617292462e+00 8.705910083505481012e+00
3.249209101082230211e-02 3.712927045138065263e-01 7.601868057718825789e-01 1.261432379880873755e+00 1.381488837052389229e+00 1.833640003531034068e+00 3.167104013992615208e+00 6.210129926180010251e+00 6.240487000514750804e+00 7.878647910361336493e+00 7.895548169776414937e+00 8.662951286508210558e+00 8.701352558353510958e+00
3.390479061998848825e-02 3.953307739666374054e-01 7.922995574047135836e-01 1.311343993381002049e+00 1.397250351614326425e+00 1.877333294251078533e+00 3.166667480033734439e+00 6.202826584679070443e+00 6.235349430078407806e+00 7.871290950407754394e+00 7.889949669258329301e+00 8.654622327115736979e+00 8.696621108093831154e+00
3.531749022915467440e-02 4.196023314815494620e-01 8.242889006397789986e-01 1.360506207014862801e+00 1.413403334248363397e+00 1.921389631092137007e+00 3.166560418931385179e+00 6.195319471809401790e+00 6.230055304521672888e+00 7.863610470277348163e+00 7.884146177750696260e+00 8.645938665455583205e+00 8.691719451830618226e+00
3.673018983832086054e-02 4.440937565494779138e-01 8.561489589517633503e-01 1.408860069327695808e+00 1.429922983116064916e+00 1.965739755781489517e+00 3.166836806199046173e+00 6.187623075954434171e+00 6.224612453706457771e+00 7.855605425561008381e+00 7.878141878953768718e+00 8.636900469194067398e+00 8.686651462901689769e+00
3.814288944748704668e-02 4.687937944966821813e-01 8.878737678575200354e-01 1.446784845873791303e+00 1.456342711025406578e+00 2.010318086548938066e+00 3.167554796115851445e+00 6.179752709532354338e+00 6.219029046861154875e+00 7.847274780479715162e+00 7.871941132321032875e+00 8.627507954589360040e+00 8.681421168153484302e+00
3.955558905665323283e-02 4.936931456844280697e-01 9.194572718730026351e-01 1.463964857440345879e+00 1.502887248095660988e+00 2.055062284425291264e+00 3.168776797263868517e+00 6.171724537381341413e+00 6.213313596359248514e+00 7.838617513456117791e+00 7.865548473419537778e+00 8.617761391683034233e+00 8.676032747139009516e+00
4.096828866581941203e-02 5.187841099856193017e-01 9.508933215489380197e-01 1.481439370104533415e+00 1.548422768535987926e+00 2.099912858675199612e+00 3.170569464418010242e+00 6.163555605868840104e+00 6.207474961909218436e+00 7.829632622819791443e+00 7.858968614251302220e+00 8.607661109753607320e+00 8.670490531232584175e+00
4.238098827498559817e-02 5.440602800901109815e-01 9.821756705927636721e-01 1.499185176693085708e+00 1.592874431756431619e+00 2.144812808163524043e+00 3.173003577627582228e+00 6.155263872513496715e+00 6.201522355182130575e+00 7.820319132643149374e+00 7.852206443528055857e+00 8.597207503045144250e+00 8.664799002654810067e+00
4.379368788415178432e-02 5.695162775866493554e-01 1.013297973085065751e+00 1.517179527516732351e+00 1.636163714168658467e+00 2.189707295530788578e+00 3.176153774887604975e+00 6.146868235855372120e+00 6.195465344903176685e+00 7.810676098706318626e+00 7.845267026890903495e+00 8.586401036785973773e+00 8.658962793400849733e+00
4.520638749331797046e-02 5.951475262748727735e-01 1.044253780799599074e+00 1.535400141795384865e+00 1.678208837810804877e+00 2.234543351263840183e+00 3.180098101464043925e+00 6.138388565248542150e+00 6.189313862432896052e+00 7.800702614589956063e+00 7.838155607065821151e+00 8.575242253514712587e+00 8.652986684064790879e+00
4.661908710248415660e-02 6.209500577072750716e-01 1.075036540636624904e+00 1.553825214235495356e+00 1.718925420026567563e+00 2.279269605036237767e+00 3.184917337770970303e+00 6.129845730179126484e+00 6.183078207862996223e+00 7.790397817896359101e+00 7.830877603945342713e+00 8.563731779732995264e+00 8.646875602552576368e+00
4.803178671165034275e-02 6.469203445097853056e-01 1.105639592179579189e+00 1.572433417396767785e+00 1.758227379875074270e+00 2.323836042022833226e+00 3.190694070042789932e+00 6.121261628630374041e+00 6.176769056650255330e+00 7.779760896600276254e+00 7.823438614585930040e+00 8.551870332906974070e+00 8.640634622675548826e+00
4.944448632081652889e-02 6.730551575537861986e-01 1.136056165386267525e+00 1.591203900444309705e+00 1.796028129580951926e+00 2.368193782242189016e+00 3.197511475415016236e+00 6.112659213923918422e+00 6.170397466810011444e+00 7.768791095532226798e+00 7.815844413109951816e+00 8.539658728842404400e+00 8.634268962616419074e+00
5.085718592998270809e-02 6.993514435390070227e-01 1.166279378426579028e+00 1.610116284837969536e+00 1.832242065502865724e+00 2.412294881335081076e+00 3.205451806862175346e+00 6.104062519362156713e+00 6.163974886687958232e+00 7.757487722998342328e+00 7.808100950500282522e+00 8.527097889461407121e+00 8.627783983259101674e+00
5.226988553914889424e-02 7.258062199879423693e-01 1.196302235679077786e+00 1.629150657464290664e+00 1.866786351844233360e+00 2.456092151539726931e+00 3.214594584699930202e+00 6.095496679880589852e+00 6.157513163325310401e+00 7.745850157542402137e+00 7.800214354274893402e+00 8.514188851012482573e+00 8.621185186373551801e+00
5.368258514831508038e-02 7.524164850465511201e-01 1.226117625899926011e+00 1.648287561670568113e+00 1.899582961718774055e+00 2.499539001970279894e+00 3.225014529974557398e+00 6.086987949790943375e+00 6.151024551427600073e+00 7.733877854857047041e+00 7.792190928027846297e+00 8.500932772749271393e+00 8.614478212646442756e+00
5.509528475748126652e-02 7.791791398343590469e-01 1.255718320578533165e+00 1.667507986615273552e+00 1.930560905884078693e+00 2.542589297642861457e+00 3.236779309368742030e+00 6.078563715556525970e+00 6.144521722941115094e+00 7.721570354852912210e+00 7.784037150822360474e+00 8.487330946118062158e+00 8.607668839548242801e+00
5.650798436664745267e-02 8.060909213907456738e-01 1.285096972494964573e+00 1.686793355305550968e+00 1.959658543151370225e+00 2.585197237020657290e+00 3.249947197564531098e+00 6.070252502391980443e+00 6.138017777233319094e+00 7.708927288896187946e+00 7.775759676420761934e+00 8.473384804498785172e+00 8.600762979026928434e+00
5.792068397581363881e-02 8.331483445290501777e-01 1.314246114495045248e+00 1.706125511651199522e+00 1.986825833839827471e+00 2.627317248166032293e+00 3.264564795653473794e+00 6.062083973322419439e+00 6.131526251863663290e+00 7.695948387226809295e+00 7.767365332335183226e+00 8.459095933549951596e+00 8.593766675018407852e+00
5.933338358497981802e-02 8.603476511370743429e-01 1.343158158500108668e+00 1.725486706826158789e+00 2.012026375609811346e+00 2.668903903890516016e+00 3.280664966228981960e+00 6.054088919175272920e+00 6.125061133919269096e+00 7.682633486571546655e+00 7.758861118682061075e+00 8.444466082213914149e+00 8.586686100763440521e+00
6.074608319414600416e-02 8.876847656587482094e-01 1.371825394769090822e+00 1.744859585192813700e+00 2.035239056318828066e+00 2.709911856579936718e+00 3.298265150499861686e+00 6.046299237816626260e+00 6.118636871874964633e+00 7.668982537968392243e+00 7.750254206822633662e+00 8.429497174445989671e+00 8.579527555920682502e+00
6.215878280331219030e-02 9.151552556582518427e-01 1.400239991431605269e+00 1.764227170011676948e+00 2.056459175757355151e+00 2.750295793637109298e+00 3.317366215567554288e+00 6.038747900788744793e+00 6.112268387919184143e+00 7.654995614820707672e+00 7.741551937770616121e+00 8.414191321738488938e+00 8.572297463465277545e+00
6.357148241247838338e-02 9.427542965096640248e-01 1.428393994311545123e+00 1.783572849129470450e+00 2.075698927757529955e+00 2.790010414721958210e+00 3.337951940393432793e+00 6.031468905364866906e+00 6.105971090665272882e+00 7.640672921202206425e+00 7.732761820347541892e+00 8.398550836519694585e+00 8.565002366362447717e+00
6.498418202164457647e-02 9.704766393756318887e-01 1.456279327061489992e+00 1.802880360811604410e+00 2.092987191746321862e+00 2.829010432169519085e+00 3.359989191428483402e+00 6.024497209921295671e+00 6.099760888141482873e+00 7.626014800436272445e+00 7.723891529065250339e+00 8.382578246517436327e+00 8.557648924005276214e+00
6.639688163081076955e-02 9.983165817393703234e-01 1.483887791629082242e+00 1.822133779861269121e+00 2.108368649392559302e+00 2.867250596119507833e+00 3.383428772328810563e+00 6.017868650447621981e+00 6.093654200921591269e+00 7.611021743976041698e+00 7.714948901714328677e+00 8.366276310188194287e+00 8.550243908405988691e+00
6.780958123997694875e-02 1.026267939839049292e+00 1.511211069077399438e+00 1.841317504145832507e+00 2.121902306239524805e+00 2.904685745983664358e+00 3.408206867972733090e+00 6.011619835987382032e+00 6.087667975220835359e+00 7.595694400614559250e+00 7.705941936636401479e+00 8.349648033325074437e+00 8.542794200130073179e+00
6.922228084914314183e-02 1.054324022424351082e+00 1.538240720781818727e+00 1.860416241632152579e+00 2.133659549347066697e+00 2.941270889893783824e+00 3.434246951904055933e+00 6.005788020840222785e+00 6.081819695738164278e+00 7.580033586057830064e+00 7.696878789657584541e+00 8.332696686972388633e+00 8.535306783962703037e+00
7.063498045830933492e-02 1.082477605312839763e+00 1.564968190026848616e+00 1.879414998015878524e+00 2.143721902533506363e+00 2.976961313697895850e+00 3.461461995807641134e+00 6.000410951479028476e+00 6.076127397974462774e+00 7.564040292897048268e+00 7.687767770659658773e+00 8.315425826790344033e+00 8.527788744296996626e+00
7.204768006747552800e-02 1.110720906271801756e+00 1.591384804026619859e+00 1.898299065014821041e+00 2.152178648250439252e+00 3.011712720887462336e+00 3.489756812236835870e+00 5.995526686359808011e+00 6.070609679697192007e+00 7.547715701020384138e+00 7.678617339764989502e+00 8.297839314031978830e+00 8.520247260234089737e+00
7.346037967664172108e-02 1.139045559789394924e+00 1.617481776393439485e+00 1.917054009383760693e+00 2.159124471747059015e+00 3.045481404528285196e+00 3.519030375253053400e+00 5.991173387144681506e+00 6.065285711153286741e+00 7.531061188509108106e+00 7.669436103110848890e+00 8.279941338314873889e+00 8.512689600385231259e+00
7.487307928580791416e-02 1.167442591329750812e+00 1.643250210079032714e+00 1.935665662696591793e+00 2.164657254761253924e+00 3.078224451818317942e+00 3.549177992131502979e+00 5.987389080333393565e+00 6.060175243554128066e+00 7.514078343067778221e+00 7.660232808188333742e+00 8.261736442393921465e+00 8.505123117366572671e+00
7.628577889497410724e-02 1.195902390690446904e+00 1.668681100813308227e+00 1.954120111931945791e+00 2.168876109727910784e+00 3.109899981296952109e+00 3.580093235617152647e+00 5.984211388916214069e+00 6.055298615268108975e+00 7.496768974043739320e+00 7.651016338720921794e+00 8.243229549168152204e+00 8.497555241977856610e+00
7.769847850414030033e-02 1.224414684098906969e+00 1.693765341065488483e+00 1.972403690889763528e+00 2.171879708187470115e+00 3.140467411980125689e+00 3.611669583616299306e+00 5.981677234423204759e+00 6.050676755057507350e+00 7.479135125097377212e+00 7.641795709057790376e+00 8.224425991185146501e+00 8.489993477056938076e+00
7.911117811330649341e-02 1.252968504697578256e+00 1.718493724552322854e+00 1.990502972458786601e+00 2.173764923784148095e+00 3.169887762799775910e+00 3.643801746605765501e+00 5.979822510645421474e+00 6.046331181587188297e+00 7.461179087591708559e+00 7.632580058056944949e+00 8.205331542941324940e+00 8.482445391002716661e+00
8.052387772247268649e-02 1.281552161077005314e+00 1.742856951317777625e+00 2.008404761748448841e+00 2.174625783897401909e+00 3.198123979703289432e+00 3.676386689500032112e+00 5.978681731323913340e+00 6.042283998313990878e+00 7.442903414777859439e+00 7.623378642433857877e+00 8.185952456316094583e+00 8.474918610959974785e+00
8.193657733163886570e-02 1.310153203522236742e+00 1.766845633407824634e+00 2.026096090092662116e+00 2.174552705519613216e+00 3.225141286649626515e+00 3.709324373266530639e+00 5.978287655210193563e+00 6.038557882738339266e+00 7.424310936862299037e+00 7.614200829551625915e+00 8.166295499522819412e+00 8.467420815660720024e+00
8.334927694080505878e-02 1.338758387642053238e+00 1.790450301163364788e+00 2.043564209928277808e+00 2.173631980009114617e+00 3.250907555570590191e+00 3.742518252687831559e+00 5.978670893050167301e+00 6.035176068866561216e+00 7.405404777052488896e+00 7.605056089629770533e+00 8.146368000011339205e+00 8.459959727917578221e+00
8.476197654997125186e-02 1.367353635053169647e+00 1.813661410152918707e+00 2.060796590546164708e+00 2.171945466513294676e+00 3.275393689207771519e+00 3.775875571629033978e+00 5.979859502170931762e+00 6.032162321596537424e+00 7.386188368689985850e+00 7.595953987349705727e+00 8.126177891815077103e+00 8.452543106766228220e+00
8.617467615913744494e-02 1.395923990794676328e+00 1.836469348765470855e+00 2.077780914709028703e+00 2.169570453570189628e+00 3.298574009661525253e+00 3.809307497576895241e+00 5.981878575382025609e+00 6.029540901605751735e+00 7.366665473594945723e+00 7.586904172836526961e+00 8.105733767902709275e+00 8.445178739255110756e+00
8.758737576830363802e-02 1.424453577151717498e+00 1.858864446481996335e+00 2.094505076126407239e+00 2.166579651107764182e+00 3.320426644578020170e+00 3.842729134616635900e+00 5.984749831757401495e+00 6.027336519195821474e+00 7.346840201763409794e+00 7.577916371998433931e+00 8.085044938170145912e+00 8.437874431882335102e+00
8.900007537746983111e-02 1.452925543574000056e+00 1.880836982842084559e+00 2.110957177773968407e+00 2.163041279468960632e+00 3.340933902237143371e+00 3.876059449694168269e+00 5.988491217455887750e+00 6.025574275439328886e+00 7.326717032579626476e+00 7.569000376207236869e+00 8.064121493794329965e+00 8.430638001681282745e+00
9.041277498663602419e-02 1.481322012386576237e+00 1.902377197119629049e+00 2.127125531041178963e+00 2.159019227216920633e+00 3.360082626465552114e+00 3.909221141945243616e+00 5.993116524987030402e+00 6.024279588893540094e+00 7.306300837731059872e+00 7.560166031305885603e+00 8.042974378767734578e+00 8.423477266958173004e+00
9.182547459580221727e-02 1.509624020008410783e+00 1.923475298718625881e+00 2.142998655688538090e+00 2.154573254647656366e+00 3.377864522348072551e+00 3.942140479716082169e+00 5.998635039168696892e+00 6.023478106102887253e+00 7.285596906044419008e+00 7.551423225931900518e+00 8.021615469541531596e+00 8.416400037687003177e+00
9.323817420496841035e-02 1.537811453422748720e+00 1.944121478296873207e+00 2.149759224746520037e+00 2.158565280592887881e+00 3.394276444187403818e+00 3.974747125048558871e+00 6.005051217410314557e+00 6.023195594121675711e+00 7.264610970498981857e+00 7.542781879148710900e+00 8.000057663827888632e+00 8.409414105569100073e+00
9.465087381413460343e-02 1.565862981685322675e+00 1.964305919621655683e+00 2.144629347554505294e+00 2.173814345256584790e+00 3.409320638075836296e+00 4.006973961055450673e+00 6.012364410876699594e+00 6.023457813364384350e+00 7.243349237720472011e+00 7.534251927380791969e+00 7.978314979747680447e+00 8.402527233766921455e+00
9.606357342330079652e-02 1.593755982316042763e+00 1.984018812157413825e+00 2.139232427481839949e+00 2.188735002054029710e+00 3.423004932767350628e+00 4.038756933830241813e+00 6.020568631565276441e+00 6.024290369247680133e+00 7.221818420317616116e+00 7.525843310652465590e+00 7.956402666659466938e+00 8.395747146323950361e+00
9.747627303246698960e-02 1.621466462503283079e+00 2.003250364380829041e+00 2.133614106025801149e+00 2.203316619186286740e+00 3.435342874210124187e+00 4.070034917298153587e+00 6.025718541338351386e+00 6.029652368422300235e+00 7.200025772498062970e+00 7.517565958134774462e+00 7.934337329167716391e+00 8.389081517284978418e+00
9.888897264163318268e-02 1.648968975162812267e+00 2.021990817813791530e+00 2.127817094672572296e+00 2.217548784312318499e+00 3.446353801020485275e+00 4.100749606650947676e+00 6.027767089074059115e+00 6.039598453426306968e+00 7.177979129495628996e+00 7.509429773009896003e+00 7.912137065981045936e+00 8.382537959533612693e+00
1.003016722507993619e-01 1.676236530044568296e+00 2.040230461759478864e+00 2.121881394568050361e+00 2.231421308822914451e+00 3.456062860223421573e+00 4.130845443630203562e+00 6.030460033581396928e+00 6.050383976200865099e+00 7.155686951463540169e+00 7.501444616667774845e+00 7.889821625469956246e+00 8.376124013366352372e+00
1.017143718599655550e-01 1.703240500278539349e+00 2.057959648720899981e+00 2.115844500913278914e+00 2.244924232720971968e+00 3.464500964609238842e+00 4.160269574844365437e+00 6.033820415671850235e+00 6.061980243325703732e+00 7.133158372648668255e+00 7.493620292255449122e+00 7.867412579951479579e+00 8.369847134825370460e+00
1.031270714691317480e-01 1.729950525007445838e+00 2.075168810475231940e+00 2.109741591059118626e+00 2.258047830069529471e+00 3.471704694912954636e+00 4.188971842450426308e+00 6.037870030729481918e+00 6.074352776243316931e+00 7.110403256872249500e+00 7.485966527605651066e+00 7.844933520892925394e+00 8.363714683814599482e+00
1.045397710782979411e-01 1.756334409081024672e+00 2.091848474771005773e+00 2.103605696013429505e+00 2.270782614966631474e+00 3.477716151573625680e+00 4.216904804848595312e+00 6.042629141876712850e+00 6.087461339652231906e+00 7.087432260623009128e+00 7.478492957577580036e+00 7.822410277361114161e+00 8.357733912026677814e+00
1.059524706874641342e-01 1.782358021197949949e+00 2.097467855594926878e+00 2.107989282608280668e+00 2.283119348003912474e+00 3.482582761956166451e+00 4.244023783499502045e+00 6.048116173454871181e+00 6.101259990669849920e+00 7.064256905444763923e+00 7.471209105849491827e+00 7.799871160120070535e+00 8.351911950710819710e+00
1.073651702966303273e-01 1.807985192392422169e+00 2.091357257822750171e+00 2.123582006055377391e+00 2.295049043163527980e+00 3.486357049530238505e+00 4.270286930577291251e+00 6.054347387396212810e+00 6.115697137949871909e+00 7.040889661811832845e+00 7.464124366209552441e+00 7.777347233759727807e+00 8.346255798314338392e+00
1.087778699057965204e-01 1.833177617386923641e+00 2.085301363360466453e+00 2.138617566548459692e+00 2.306562975106098978e+00 3.489096371546076103e+00 4.295655310941588034e+00 6.061336545372836504e+00 6.130715599446078024e+00 7.017344047386892214e+00 7.457247983398406888e+00 7.754872619065832140e+00 8.340772308033303162e+00
1.101905695149627135e-01 1.857894762085076756e+00 2.079326015970877517e+00 2.153087053613425894e+00 2.317652686800286688e+00 3.490862631210724043e+00 4.320092990891801321e+00 6.069094559525941790e+00 6.146252647705433780e+00 6.993634743529530517e+00 7.450589033564089192e+00 7.732484827437716923e+00 8.335468175310063899e+00
1.116032691241289065e-01 1.882093781367966123e+00 2.073455540009045084e+00 2.166981743942361316e+00 2.328309997442841173e+00 3.491721969271332160e+00 4.343567125417854058e+00 6.077629133899569602e+00 6.162240032525830635e+00 6.969777735291279086e+00 7.444156404396749416e+00 7.710225128418908724e+00 8.330349925317936055e+00
1.130159687332950996e-01 1.905729452387451284e+00 2.067712826004450388e+00 2.180293120749932978e+00 2.338527010616210156e+00 3.491744438309199339e+00 4.366048035248398129e+00 6.086944397157410869e+00 6.178603972614331141e+00 6.945790482077272010e+00 7.437958775017825097e+00 7.688138950180707809e+00 8.325423900475506400e+00
1.144286683424612927e-01 1.928754129713342147e+00 2.062119405374557513e+00 2.193012893328443180e+00 2.348296122629486060e+00 3.491003661022742399e+00 4.387509264982054624e+00 6.097040524394445882e+00 6.195265110646490214e+00 6.921692128955593049e+00 7.432004595704807315e+00 7.666276310899314161e+00 8.320696248034879616e+00
1.158413679516274858e-01 1.951117729962275504e+00 2.056695515280961839e+00 2.205133016713770377e+00 2.357610030986988736e+00 3.489576471438835537e+00 4.407927614015651585e+00 6.107913341375691196e+00 6.212138430014387147e+00 6.897503772685697143e+00 7.426302067539257479e+00 7.644692276149732457e+00 8.316172907790265967e+00
1.172540675607936789e-01 1.972767754868206325e+00 2.051460154595127428e+00 2.216645711368686378e+00 2.366461742928028578e+00 3.487542535473543648e+00 4.427283132876415728e+00 6.119553897632911799e+00 6.229133136775423907e+00 6.873248802599032814e+00 7.420859122071574276e+00 7.623447433404298756e+00 8.311859599954532385e+00
1.186667671699598581e-01 1.993649363065713498e+00 2.046431131887670674e+00 2.227543482784425599e+00 2.374844583980504797e+00 3.484983944724798999e+00 4.445559078909274930e+00 6.131947984443284483e+00 6.246152517143140237e+00 6.848953345587743158e+00 7.415683401101454741e+00 7.602608369123216470e+00 8.307761813252817262e+00
1.200794667791260512e-01 2.013705502029487171e+00 2.041625106298353032e+00 2.237819140896848413e+00 2.382752206470629464e+00 3.481984775008887034e+00 4.462741827014771623e+00 6.145075558073756383e+00 6.263093789596339001e+00 6.824646858416981487e+00 7.410782236677690094e+00 7.582248126389955267e+00 8.303884793283049959e+00
1.214921663882922442e-01 2.032877112477871062e+00 2.037057622085664210e+00 2.247465819209592208e+00 2.390178597931044369e+00 3.478630599171053994e+00 4.478820733189018632e+00 6.158910004945203909e+00 6.279847981599141704e+00 6.800362932314030218e+00 7.406162631424776599e+00 7.562446611246664396e+00 8.300233531193974557e+00
1.229048659974584373e-01 2.032743137596522587e+00 2.051103417888328728e+00 2.256476993513500950e+00 2.397118089349798531e+00 3.475007942364493285e+00 4.493787950865268499e+00 6.173417148702426971e+00 6.296299874161745969e+00 6.776140409269921783e+00 7.401831239306991606e+00 7.543290903645003098e+00 8.296812752731304030e+00
1.243175656066246304e-01 2.028695049340127454e+00 2.068322311322926321e+00 2.264846500089766845e+00 2.403565363203441940e+00 3.471203667590597064e+00 4.507638202356693213e+00 6.188553841170775449e+00 6.312328072848919724e+00 6.752024965254172173e+00 7.397794346942503374e+00 7.524875414403293661e+00 8.293626907702583040e+00
1.257302652157908096e-01 2.024925711795104277e+00 2.084470850225554450e+00 2.272568553283011106e+00 2.409515461218398880e+00 3.467304280133958194e+00 4.520368509905898335e+00 6.204265885053984242e+00 6.327805280582651015e+00 6.728071407519580660e+00 7.394057855581047001e+00 7.507301813517993416e+00 8.290680159910664315e+00
1.271429648249569888e-01 2.021446453526526632e+00 2.099485866931400935e+00 2.279637762331068185e+00 2.414963791806346460e+00 3.463395141908532704e+00 4.531977892821411835e+00 6.220484879650350685e+00 6.342598863951081078e+00 6.704347087829398255e+00 7.390627263858493556e+00 7.490678639351633805e+00 8.287976377604781675e+00
1.285556644341231680e-01 2.018267590139231071e+00 2.113304698071120313e+00 2.286049147339394683e+00 2.419906137121231371e+00 3.459559590899151438e+00 4.542467038809966162e+00 6.237123314706439103e+00 6.356571817636400112e+00 6.680937098016643816e+00 7.387507651440293976e+00 7.475120485709950913e+00 8.285519124496623533e+00
1.299683640432893472e-01 2.015398434545445649e+00 2.125866029722001560e+00 2.291798154290916933e+00 2.424338659687732545e+00 3.455877966958634584e+00 4.551837958815601048e+00 6.254066778253856818e+00 6.369584236266386590e+00 6.657952372401126695e+00 7.384703663662850914e+00 7.460746659383656443e+00 8.283311651387171182e+00
1.313810636524555264e-01 2.012847304978682139e+00 2.137110847116838741e+00 2.296880668986016172e+00 2.428257908553818734e+00 3.452426553127952324e+00 4.560093635410386703e+00 6.271161350309023774e+00 6.381495393141991102e+00 6.635542614862452560e+00 7.382219497278180498e+00 7.447679210718350262e+00 8.281356888447554354e+00
1.327937632616217056e-01 2.010621531140891705e+00 2.146983468306411957e+00 2.301293029812688129e+00 2.431660824923044029e+00 3.449276451028496115e+00 4.567237675043748446e+00 6.288192918228181050e+00 6.392166493751966883e+00 6.613917304229575578e+00 7.380058887401701462e+00 7.436040271350960573e+00 8.279657438194657715e+00
1.342064628707878848e-01 2.008727458826707224e+00 2.155432631058495030e+00 2.305032039253365195e+00 2.434544747225784178e+00 3.446492419039745236e+00 4.573273974280995802e+00 6.304853117990283806e+00 6.401464112684727148e+00 6.593380063377448863e+00 7.378225095756654639e+00 7.425948692501530779e+00 8.278215569199041113e+00
1.356191624799540640e-01 2.007170453326436732e+00 2.162412592483726748e+00 2.308094974042724346e+00 2.436907415592461046e+00 3.444131711887143954e+00 4.578206409603089000e+00 6.320684520423255570e+00 6.409264233598189087e+00 6.574383763268130565e+00 7.376720900300752781e+00 7.417516066040568568e+00 8.277033210559322285e+00
1.370318620891202432e-01 2.005954901867718299e+00 2.167884192699038870e+00 2.310479593899581019e+00 2.438746975695972541e+00 3.442242968615765175e+00 4.582038559472738193e+00 6.335000054636285682e+00 6.415456699387817707e+00 6.557611360821648638e+00 7.375548586312016042e+00 7.410842322901801893e+00 8.276111947173351524e+00
1.384445616982864224e-01 2.005084215315361629e+00 2.171815828678188787e+00 2.312184148765961123e+00 2.440061981935027546e+00 3.440865201298306975e+00 4.584773466273897924e+00 6.346795863554057782e+00 6.419949760569363839e+00 6.544063267993262656e+00 7.374709939000534398e+00 7.406011222323032328e+00 8.275453015832386683e+00
1.398572613074526017e-01 2.004560829308217773e+00 2.174184283566519493e+00 2.313207384497235175e+00 2.440851399934936161e+00 3.440026937939277385e+00 4.586413444474882972e+00 6.354760596306263665e+00 6.422674311700931504e+00 6.535048240857298296e+00 7.374206237702426670e+00 7.403086143349108639e+00 8.275057302160137240e+00
1.412699609166187809e-01 2.004386204972164354e+00 2.174975361003147256e+00 2.313548546958822616e+00 2.441114608347247472e+00 3.439745569033327843e+00 4.586959940010944869e+00 6.357605469189094194e+00 6.423587360824676296e+00 6.531853451911957542e+00 7.374038251700276270e+00 7.402106634613825342e+00 8.274925338413876119e+00
1.412699609166187809e-01 2.004386204972164354e+00 2.174975361003147256e+00 2.313548546958822616e+00 2.441114608347247472e+00 3.439745569033327843e+00 4.586959940010944869e+00 6.357605469189094194e+00 6.423587360824676296e+00 6.531853451911957542e+00 7.374038251700276270e+00 7.402106634613825342e+00 8.274925338413876119e+00
1.420855834009491225e-01 2.004212195687720577e+00 2.174994411355505974e+00 2.313919765944017382e+00 2.441336506048743527e+00 3.439719415438311501e+00 4.586922182631567146e+00 6.357572990793477707e+00 6.423519617272833493e+00 6.531817063756583330e+00 7.374036467208983758e+00 7.402089025858731297e+00 8.274919530591587247e+00
1.429012058852794642e-01 2.003692385429210798e+00 2.175051624767426084e+00 2.315030980459262810e+00 2.442001847206254794e+00 3.439640996191251077e+00 4.586808915583504564e+00 6.357475520847111206e+00 6.423316437330705675e+00 6.531707992492435721e+00 7.374031094869384795e+00 7.402036207287390646e+00 8.274902102212369215e+00
1.437168283696098059e-01 2.002833309843907728e+00 2.175147186934795585e+00 2.316874981009147572e+00 2.443109577854011061e+00 3.439510436065303711e+00 4.586620154167431629e+00 6.357312955272504951e+00 6.422977973145155062e+00 6.531526517447075797e+00 7.374022078173912753e+00 7.401948201971733532e+00 8.274873038572824413e+00
1.445324508539401476e-01 2.001645484684041687e+00 2.175281402854483126e+00 2.319440131049848919e+00 2.444657947560535227e+00 3.439327943547098254e+00 4.586355923986017658e+00 6.357085121280397821e+00 6.422504478316519716e+00 6.531273103236214794e+00 7.374009323241301317e+00 7.401825048332069557e+00 8.274832315279201822e+00
1.453480733382704893e-01 2.000142884763290940e+00 2.175454690305028471e+00 2.322710891445227688e+00 2.446644518448240380e+00 3.439093811637054188e+00 4.586016261096528268e+00 6.356791778389927039e+00 6.421896307931953984e+00 6.530948398359757157e+00 7.373992699262022832e+00 7.401666800087968845e+00 8.274779898414912793e+00
1.461636958226008309e-01 1.998342294554382947e+00 2.175667571151342017e+00 2.326668474605927184e+00 2.449066177344257245e+00 3.438808418976214032e+00 4.585601212225149048e+00 6.356432619877268486e+00 6.421153918612118261e+00 6.530553233219202447e+00 7.373972039118502408e+00 7.401473526190073926e+00 8.274715744774283621e+00
1.469793183069311726e-01 1.996262592499842947e+00 2.175920660864217204e+00 2.331291566199459098e+00 2.451919150627396959e+00 3.438472231306079152e+00 4.585110835043526123e+00 6.356007274672654361e+00 6.420277868571178104e+00 6.530088617539977491e+00 7.373947140176990267e+00 7.401245310733339799e+00 8.274639802161740221e+00
1.477949407912615143e-01 1.993924028823307326e+00 2.176214656704116290e+00 2.336557054593273453e+00 2.455199021265956905e+00 3.438085803269813390e+00 4.584545198508489072e+00 6.355515309730476403e+00 6.419268817690107376e+00 6.529555737178093899e+00 7.373917765246851275e+00 7.400982252852426058e+00 8.274552009755559823e+00
1.486105632755918560e-01 1.991347546877961117e+00 2.176550325045623957e+00 2.342440717933690131e+00 2.458900747502747564e+00 3.437649780565036561e+00 4.583904383265846150e+00 6.354956232901463054e+00 6.418127527603269655e+00 6.528955950287345544e+00 7.373883643702349389e+00 7.400684466600064404e+00 8.274452298534869854e+00
1.494261857599221976e-01 1.988554184085162380e+00 2.176928488315450050e+00 2.348917832738207423e+00 2.463018682636918477e+00 3.437164902460402072e+00 4.583188482119467722e+00 6.354329496339362393e+00 6.416854861798102050e+00 6.528290782820487692e+00 7.373844472761214242e+00 7.400352080809428301e+00 8.274340591768634567e+00
1.502418082442525393e-01 1.985564573543848077e+00 2.177350011985786704e+00 2.355963682843016382e+00 2.467546595373986573e+00 3.436632004690161057e+00 4.582397600567059470e+00 6.353634500476985636e+00 6.415451785727861456e+00 6.527561923336099525e+00 7.373799918913451990e+00 7.399985238941654053e+00 8.274216805564964972e+00
1.510574307285828810e-01 1.982398553928554907e+00 2.177815792011899454e+00 2.363553961003030501e+00 2.472477690259397676e+00 3.436052022742845047e+00 4.581531857404232966e+00 6.352870598607900376e+00 6.413919366937162359e+00 6.526771217082221632e+00 7.373749619493365159e+00 7.399584098919788744e+00 8.274080849479041433e+00
1.518730532129132227e-01 1.979074884783574406e+00 2.178326743034535884e+00 2.371665065946165551e+00 2.477804627771929002e+00 3.435425995562269019e+00 4.580591385398618876e+00 6.352037102109913569e+00 6.412258775200034400e+00 6.525920659328456885e+00 7.373693184387033916e+00 7.399148832950636745e+00 8.273932627177655874e+00
1.526886756972435644e-01 1.975611057220614031e+00 2.178883787591261001e+00 2.380274304778636552e+00 2.483519543723274658e+00 3.434755069681108886e+00 4.579576332036123354e+00 6.351133286345045370e+00 6.410471282670092918e+00 6.525012387920165580e+00 7.373630197867049318e+00 7.398679627336111508e+00 8.273772037158298787e+00
1.535042981815739060e-01 1.972023186086877988e+00 2.179487846501895643e+00 2.389360014574617885e+00 2.489614067683341148e+00 3.434040503809261402e+00 4.578486860341518749e+00 6.350158397267395394e+00 6.408558264042294006e+00 6.524048675032268818e+00 7.373560220545864574e+00 7.398176682275781069e+00 8.273598973520448041e+00
1.543199206659042477e-01 1.968325968256695591e+00 2.180139830518518007e+00 2.398901618394816637e+00 2.496079340221658338e+00 3.433283673901352806e+00 4.577323149775874178e+00 6.349111658765211885e+00 6.406521196725617706e+00 6.523031918105418825e+00 7.373482791438748407e+00 7.397640211662559473e+00 8.273413326786702271e+00
1.551355431502345894e-01 1.964532692063231334e+00 2.180840633262871364e+00 2.408879630613157463e+00 2.502906028819413820e+00 3.432486078729513501e+00 4.576085397213581096e+00 6.347992280756328931e+00 6.404361661025763652e+00 6.521964629954752901e+00 7.373397430127051067e+00 7.397070442873511453e+00 8.273214984771094294e+00
1.559511656345649311e-01 1.960655284336712434e+00 2.181591125417191357e+00 2.419275624980695039e+00 2.510084342361770027e+00 3.431649345989577160e+00 4.574773818001881764e+00 6.346799468047031212e+00 6.402081340336866155e+00 6.520849428050846441e+00 7.373303639012322996e+00 7.396467616557941938e+00 8.273003833491902270e+00
1.567667881188952728e-01 1.956704383501005395e+00 2.182392150089512928e+00 2.430072176870622602e+00 2.517604044164179378e+00 3.430775238970446228e+00 4.573388647106291671e+00 6.345532429953022024e+00 6.399682021340863614e+00 6.519689022983702564e+00 7.373200905651595249e+00 7.395831986425100979e+00 8.272779758126192817e+00
1.575824106032256144e-01 1.952689429312718827e+00 2.183244519241321235e+00 2.441252789017454905e+00 2.525454463520023118e+00 3.429865663817784238e+00 4.571930140345249249e+00 6.344190390667948876e+00 6.397165594212967932e+00 6.518486206134136651e+00 7.373088705164265733e+00 7.395163819033911068e+00 8.272542644002969681e+00
1.583980330875559561e-01 1.948618761861230064e+00 2.184149011044084876e+00 2.452801808031540354e+00 2.533624505779917602e+00 3.428922677424476539e+00 4.570398575717985246e+00 6.342772600349666057e+00 6.394534052831358117e+00 6.517243836591775086e+00 7.372966502700840863e+00 7.394463393587274780e+00 8.272292377632059157e+00
1.592136555718862978e-01 1.944499724250907002e+00 2.185106368019638978e+00 2.464704337170231518e+00 2.542102660987568985e+00 3.427948495980742027e+00 4.568794254829587231e+00 6.341278346877583516e+00 6.391789494988862508e+00 6.515964827375913870e+00 7.372833755963995372e+00 7.393731001733685027e+00 8.272028847765486859e+00
1.600292780562166395e-01 1.940338764904920632e+00 2.186117295816436101e+00 2.476946149332790448e+00 2.550877011104085490e+00 3.426945504216933447e+00 4.567117504417687712e+00 6.339706968216368921e+00 6.388934122604027266e+00 6.514652131033077609e+00 7.372689917772506263e+00 7.392966947378967646e+00 8.271751946488132390e+00
1.608449005405469812e-01 1.936141536658081641e+00 2.187182462477496259e+00 2.489513603022421417e+00 2.559935235854840840e+00 3.425916265371341751e+00 4.565368677985554235e+00 6.338057865302279659e+00 6.385970241928536240e+00 6.513308724703859021e+00 7.372534438658861156e+00 7.392171546511084657e+00 8.271461570334357916e+00
1.616605230248773228e-01 1.931912990767984395e+00 2.188302498064370827e+00 2.502393563061844795e+00 2.569264617231510339e+00 3.424863531913251435e+00 4.563548157546485129e+00 6.336330515349444248e+00 6.382900263747513847e+00 6.511937594770447646e+00 7.372366769491447869e+00 7.391345127041098806e+00 8.271157621427310147e+00
1.624761455092076645e-01 1.927657464706056478e+00 2.189477994513702619e+00 2.515573327122134550e+00 2.578852042679129486e+00 3.423790257048491270e+00 4.561656355484976721e+00 6.334524485454699594e+00 6.379726703568685764e+00 6.510541721214213595e+00 7.372186364112691237e+00 7.390488028663526165e+00 8.270840008637408758e+00
1.632917679935380062e-01 1.923378763131451175e+00 2.190709505616489583e+00 2.529040558588297571e+00 2.588684006995365827e+00 3.422699607029529023e+00 4.559693716540245134e+00 6.332639446362315461e+00 6.376452181795844609e+00 6.509124061829782093e+00 7.371992681984706586e+00 7.389600602739348822e+00 8.270508648756599968e+00
1.641073904778683479e-01 1.919080231841523654e+00 2.191997547025338999e+00 2.542783225900780764e+00 2.598746612968120040e+00 3.421594974285076418e+00 4.557660719918170678e+00 6.330675186234749674e+00 6.373079423881463867e+00 6.507687536456672639e+00 7.371785190834366119e+00 7.388683212205187090e+00 8.270163467684939818e+00
1.649230129621986896e-01 1.914764824764038531e+00 2.193342596209403084e+00 2.556789548246242383e+00 2.609025570779730518e+00 3.420479991374029360e+00 4.555557881537949605e+00 6.328631624263174160e+00 6.369611260452686885e+00 6.506235011401359181e+00 7.371563369290190515e+00 7.387736231512175955e+00 8.269804401625913570e+00
1.657386354465290312e-01 1.910435164238575068e+00 2.194745092290809385e+00 2.571047947294870628e+00 2.619506196212140203e+00 3.419358545755113443e+00 4.553385756420017749e+00 6.326508823942831761e+00 6.366050627404119311e+00 6.504769284230864201e+00 7.371326709503630781e+00 7.386760046598234375e+00 8.269431398287075297e+00
1.665542579308593729e-01 1.906093594949497039e+00 2.196205435709317477e+00 2.585547004572561480e+00 2.630173407699284205e+00 3.418234795345815424e+00 4.551144941222363904e+00 6.324307005833868622e+00 6.362400565950187215e+00 6.503293069122609182e+00 7.371074719747932491e+00 7.385755054897525262e+00 8.269044418082351910e+00
1.673698804151897146e-01 1.901742231939380412e+00 2.197723987673412704e+00 2.600275423995989765e+00 2.641011722291159991e+00 3.417113184821044314e+00 4.548836076932272654e+00 6.322026559628778131e+00 6.358664222629013096e+00 6.501808982954409899e+00 7.370806926987958363e+00 7.384721665390980405e+00 8.268643435332624136e+00
1.681855028995200563e-01 1.897383003162803838e+00 2.199301069366137895e+00 2.615221999073038539e+00 2.652005250620029120e+00 3.415998462572523042e+00 4.546459851721042611e+00 6.319668055353000469e+00 6.354844849248817873e+00 6.500319532312153648e+00 7.370522879414950879e+00 7.383660298701976821e+00 8.268228439460964196e+00
1.690011253838503980e-01 1.893017687047785724e+00 2.200936960882556637e+00 2.630375584269799560e+00 2.663137690994604956e+00 3.414895698212811581e+00 4.544017003969454294e+00 6.317232253536119835e+00 6.350945802767059334e+00 6.498827101581518662e+00 7.370222148940387186e+00 7.382571387241252836e+00 8.267799436179045003e+00
1.698167478681807396e-01 1.888647945522591964e+00 2.202631899882663280e+00 2.645725070060036099e+00 2.674392322793311294e+00 3.413810300461288971e+00 4.541508325471807161e+00 6.314720114206627599e+00 6.346970545091445537e+00 6.497333942273470164e+00 7.369904333643588323e+00 7.381455375405247210e+00 8.267356448661265844e+00
1.706323703525110813e-01 1.884275352945768534e+00 2.204386079949561594e+00 2.661259361198345275e+00 2.685751999385507460e+00 3.412748035192419316e+00 4.538934664826592247e+00 6.312132804583708179e+00 6.342922642790997934e+00 6.495842163712598705e+00 7.369569060168117858e+00 7.380312719832300417e+00 8.266899518703111127e+00
1.714479928368414230e-01 1.879901421350846258e+00 2.206199648647062972e+00 2.676967357789561852e+00 2.697199140880524926e+00 3.411715043356593480e+00 4.536296931021883694e+00 6.309471705363550065e+00 6.338805766704266986e+00 6.494353725192247850e+00 7.369215986062199519e+00 7.379143889721032856e+00 8.266428707860253411e+00
1.722636153211717647e-01 1.875527622387406224e+00 2.208072705274461089e+00 2.692837938761647898e+00 2.708715727090887260e+00 3.410717858399548330e+00 4.533596097223537846e+00 6.306738415524867136e+00 6.334623691430644854e+00 6.492870429672854549e+00 7.368844802058854171e+00 7.377949367215477672e+00 8.265944098565130460e+00
1.730792378055021341e-01 1.871155406308692815e+00 2.210005298318767242e+00 2.708859947384980149e+00 2.720283291199355080e+00 3.409763422705583746e+00 4.530833204774124212e+00 6.303934755607368601e+00 6.330380294689532228e+00 6.491393919069926355e+00 7.368455234291698019e+00 7.376729647861584915e+00 8.265445795217505776e+00
1.738948602898324758e-01 1.866786218325291680e+00 2.211997422606482022e+00 2.725022178516539384e+00 2.731882914741401880e+00 3.408859102471084590e+00 4.528009367410338548e+00 6.301062769446775569e+00 6.326079556531029269e+00 6.489925671147897646e+00 7.368047046442509185e+00 7.375485241139727144e+00 8.264933925245765423e+00
1.747104827741628175e-01 1.862421512613600116e+00 2.214049016158167404e+00 2.741313367281775992e+00 2.743495224655951858e+00 3.408012700276894513e+00 4.525125775706120734e+00 6.298124724379315253e+00 6.321725558380347998e+00 6.488466998005812059e+00 7.367620041817095178e+00 7.374216671078047014e+00 8.264408640135703976e+00
1.755261052584931591e-01 1.858062764239544196e+00 2.216159956749636173e+00 2.755100393318739904e+00 2.757722178939634006e+00 3.407232464470331124e+00 4.522183701748251572e+00 6.295123109956510810e+00 6.317322481897069686e+00 6.487019046112418863e+00 7.367174065346010714e+00 7.372924476951378203e+00 8.263870116423479573e+00
1.763417277428235008e-01 1.853711479231044734e+00 2.218330058183998865e+00 2.766678142652848393e+00 2.774237199706833579e+00 3.406527094290964008e+00 4.519184504050364204e+00 6.292060635236329524e+00 6.312874607628910617e+00 6.485582797822411649e+00 7.366709005506960395e+00 7.371609214070724114e+00 8.263318556649707602e+00
1.771573502271538703e-01 1.849369203007999118e+00 2.220559066278496196e+00 2.778207753608124442e+00 2.790846928346142786e+00 3.405905739481113859e+00 4.516129632710216946e+00 6.288940224738595042e+00 6.308386313438362869e+00 6.484159074282906055e+00 7.366224796165838029e+00 7.370271454668166022e+00 8.262754190271515142e+00
1.779729727114842119e-01 1.845037527355785301e+00 2.222846654569916591e+00 2.789668082509241032e+00 2.807539768349679665e+00 3.405377992917081098e+00 4.513020634813734944e+00 6.285765013170280469e+00 6.303862072679318196e+00 6.482748539621164596e+00 7.365721418333492032e+00 7.368911788882174463e+00 8.262177274529472371e+00
1.787885951958145536e-01 1.840718096107913038e+00 2.225192419741866434e+00 2.801037585984012868e+00 2.824304020573049190e+00 3.404953874589457641e+00 4.509859160087749785e+00 6.282538339039534847e+00 6.299306452099272313e+00 6.481351706290428005e+00 7.365198901835264600e+00 7.367530825848364273e+00 8.261588095266571230e+00
1.796042176801448953e-01 1.836412609684410668e+00 2.227595876776508277e+00 2.812294356384979821e+00 2.841127876198394020e+00 3.404643805061882134e+00 4.506646966801071130e+00 6.279263737285837088e+00 6.294724109441560245e+00 6.479968941441767605e+00 7.364657326890672984e+00 7.366129194900611132e+00 8.260986967696180017e+00
1.804198401644752370e-01 1.832122828616200350e+00 2.230056453832992780e+00 2.823416169792220654e+00 2.857999409925927381e+00 3.404458566366550087e+00 4.503385927911118358e+00 6.275944931057581222e+00 6.290119790720710924e+00 6.478600474185343572e+00 7.364096825600321417e+00 7.364707546887622414e+00 8.260374237116264950e+00
1.812354626488056064e-01 1.827850576170213959e+00 2.232573486853867806e+00 2.834380548808311584e+00 2.874906573312697056e+00 3.404409248173713376e+00 4.500078037450156998e+00 6.272585822767895891e+00 6.285498327142757802e+00 6.477246403604160818e+00 7.363266555609803810e+00 7.363517583337379158e+00 8.259750279567072084e+00
1.820510851331359481e-01 1.823597740176872817e+00 2.235146213900443435e+00 2.845164842398967942e+00 2.891837188196164643e+00 3.404507177032915610e+00 4.496725417141404613e+00 6.269190484554955312e+00 6.280864631641264850e+00 6.475906707387546035e+00 7.361806919381455927e+00 7.362919840040810904e+00 8.259115502429594358e+00
1.828667076174662898e-01 1.819366274149287532e+00 2.237773769217387354e+00 2.855746324957747717e+00 2.908778940157465076e+00 3.404763826560258000e+00 4.493330323230877887e+00 6.265763148265129701e+00 6.276223694998672720e+00 6.474581250958740597e+00 7.360329362723006419e+00 7.362303891407607104e+00 8.258470344962322685e+00
1.836823301017966314e-01 1.815158197773036441e+00 2.240455177026519529e+00 2.866102316541168982e+00 2.925719371996278184e+00 3.405190706680115031e+00 4.489895153515523596e+00 6.262308195066531802e+00 6.271580581521799758e+00 6.473269796981290014e+00 7.358834638188131549e+00 7.361670089981043219e+00 8.257815278773685819e+00
1.844979525861270009e-01 1.810975596835780799e+00 2.243189345049420691e+00 2.876210325788978395e+00 2.942645877205595450e+00 3.405799230462177363e+00 4.486422454542001503e+00 6.258830144787307148e+00 6.266940424239333396e+00 6.471972015141329138e+00 7.357323528330217854e+00 7.361018846132232341e+00 8.257150808227875061e+00
1.853135750704573426e-01 1.806820622657616671e+00 2.245975057758438975e+00 2.886048216375570519e+00 2.959545693451067550e+00 3.406600557764263293e+00 4.482914928943199762e+00 6.255333645058671621e+00 6.262308419588849873e+00 6.470687492116812045e+00 7.355796847812730910e+00 7.360350628931739081e+00 8.256477470781806716e+00
1.861291975547876842e-01 1.802695491075620327e+00 2.248810969355729217e+00 2.895594396904848100e+00 2.976405896075867474e+00 3.407605415825055939e+00 4.479375442871177171e+00 6.251823460326844106e+00 6.257689821560272314e+00 6.469415741659729768e+00 7.354255445667539526e+00 7.359665966908378820e+00 8.255795837250916591e+00
1.869448200391180259e-01 1.798602481029573763e+00 2.251695596480377759e+00 2.904828032954524186e+00 2.993213391668959389e+00 3.408823898156888355e+00 4.475807033475494023e+00 6.248304460782176051e+00 6.253089935262831744e+00 6.468156214732798226e+00 7.352700207705304081e+00 7.358965448691880518e+00 8.255106512001976427e+00
1.877604425234483676e-01 1.794543932789893326e+00 2.254627310644190530e+00 2.913729278517915855e+00 3.009954911751710149e+00 3.410265244545295005e+00 4.472212916364792790e+00 6.244781611237753438e+00 6.248514109882612466e+00 6.466908309657353193e+00 7.351132059081443515e+00 7.358249723536231635e+00 8.254410133070797073e+00
1.885760650077787370e-01 1.790522245864053064e+00 2.257604330397878112e+00 2.922279522442481348e+00 3.026617006656001418e+00 3.411937606609175333e+00 4.468596492976686818e+00 6.241259959974195581e+00 6.243967730998488896e+00 6.465671382244162935e+00 7.349551967021024090e+00 7.357519501720326538e+00 8.253707372203235693e+00
1.893916874921090787e-01 1.786539876613066902e+00 2.260624713230611427e+00 2.930461643728936139e+00 3.043186039686097910e+00 3.413847805107971922e+00 4.464961357766776828e+00 6.237744627552602061e+00 6.239456212225118925e+00 6.464444755893056005e+00 7.347960943705466264e+00 7.356775554822505114e+00 8.252998934817776799e+00
1.902073099764394204e-01 1.782599335605902446e+00 2.263686347207741978e+00 2.938260267882883969e+00 3.059648181676596135e+00 3.416001086850665835e+00 4.461311305111319570e+00 6.234240795583714245e+00 6.234984986153140341e+00 6.463227731660500019e+00 7.346360049323386043e+00 7.356018715865494606e+00 8.252285559888282052e+00
1.910229324607697621e-01 1.778703184736296183e+00 2.266786942353988810e+00 2.945662015088729824e+00 3.075989406080560595e+00 3.418400890478876075e+00 4.457650335800063424e+00 6.230559494558559841e+00 6.230753695428606243e+00 6.462019598306422807e+00 7.344750395287444000e+00 7.355249879328246365e+00 8.251568019745642246e+00
1.918385549451001315e-01 1.774854034123576119e+00 2.269924021792045110e+00 2.952655730006970014e+00 3.092195484744739264e+00 3.421048631359388192e+00 4.453982662975842111e+00 6.226185177855797725e+00 6.227288596794642750e+00 6.460819642342648272e+00 7.343133147618370771e+00 7.354470001021080172e+00 8.250847119797116491e+00
1.926541774294304732e-01 1.771054538816557056e+00 2.273094912650502231e+00 2.959232682673534676e+00 3.108251984553385583e+00 3.423943516136878973e+00 4.450312717355545011e+00 6.221867463771870277e+00 6.223850796179936751e+00 6.459627158115107015e+00 7.341509530496615810e+00 7.353680097820631367e+00 8.250123698162653341e+00
1.934697999137608149e-01 1.767307395317459839e+00 2.276296736759117145e+00 2.965386730450838559e+00 3.124144265147858146e+00 3.427082397018371029e+00 4.446645151543463292e+00 6.217611755222841374e+00 6.220445605110464626e+00 6.458441457960790721e+00 7.339880829981302313e+00 7.352881247261079167e+00 8.249398625227215121e+00
1.942854223980911565e-01 1.763615337940989791e+00 2.279526401154809978e+00 2.971114432311014131e+00 3.139857477956567333e+00 3.430459674520303537e+00 4.442984843222425262e+00 6.213423417378018954e+00 6.217078338105603841e+00 6.457261882488140259e+00 7.338248397895117847e+00 7.352074586978186943e+00 8.248672803108862084e+00
1.951010448824214982e-01 1.759981135022216980e+00 2.282780588428036772e+00 2.976415108883645910e+00 3.155376566797795324e+00 3.434067255246077810e+00 4.439336896981617819e+00 6.209307763902383037e+00 6.213754300300925237e+00 6.456087811036209878e+00 7.336613655872868733e+00 7.351261314002868197e+00 8.247947165042157636e+00
1.959166673667518677e-01 1.756407584985558268e+00 2.286055746946456413e+00 2.981290844518400540e+00 3.170686270346919411e+00 3.437894568430648334e+00 4.435706644511906660e+00 6.205270042373598471e+00 6.210478774650839640e+00 6.454918672373865185e+00 7.334978099570186316e+00 7.350442683901091456e+00 8.247222674676912391e+00
1.967322898510822093e-01 1.752897512286158310e+00 2.289348081001346902e+00 2.985746430841675458e+00 3.185771126788148777e+00 3.441928641745120920e+00 4.432099642871684786e+00 6.201315418876384378e+00 6.207257008628212169e+00 6.453753955705424872e+00 7.333343303027509918e+00 7.349620009757135364e+00 8.246500325292540623e+00
1.975479123354125510e-01 1.749453763234248616e+00 2.292653540932193756e+00 2.989789254601841417e+00 3.200615480999087659e+00 3.446154233522056298e+00 4.428521670498438034e+00 6.197448961784521870e+00 6.204094200333753584e+00 6.452593222053526034e+00 7.331710923183198503e+00 7.348794660997536532e+00 8.245781138928382603e+00
1.983635348197428927e-01 1.746079201712126272e+00 2.295967813296006632e+00 2.993429135658689511e+00 3.215203494642278503e+00 3.450554015482002246e+00 4.424978720615375671e+00 6.193675624748704145e+00 6.200995483923782636e+00 6.451436116094030560e+00 7.330082704527814741e+00 7.347968062053255700e+00 8.245066165430875671e+00
1.991791573040732621e-01 1.742776704793174591e+00 2.299286311160986251e+00 2.996678123474982414e+00 3.229519159560942931e+00 3.455108797518538832e+00 4.421476991659205602e+00 6.190000228917488023e+00 6.197965914262050902e+00 6.450282378521005278e+00 7.328460483889966959e+00 7.347141690858117968e+00 8.244356481418467553e+00
1.999947797884036038e-01 1.739549158271889606e+00 2.302604164618538007e+00 2.999550262190239014e+00 3.243546314893804183e+00 3.459797784353533689e+00 4.418022874336748451e+00 6.186427444428122868e+00 6.195010450698436699e+00 6.449131859022946500e+00 7.326846195342143986e+00 7.346317077181876876e+00 8.243653189165707218e+00
2.008104022727339455e-01 1.736399452113667197e+00 2.305916211623974643e+00 3.002061335190002733e+00 3.257268668335029815e+00 3.464598853015515623e+00 4.414622934906145879e+00 6.182961771214426250e+00 6.192133939875511750e+00 6.447984529953788346e+00 7.325241875212785914e+00 7.345495800796849828e+00 8.242957415408023181e+00
2.016260247570642872e-01 1.733330475832792539e+00 2.309216989293987332e+00 3.004228600036896069e+00 3.270669821966836643e+00 3.469488840113554851e+00 4.411283894275288553e+00 6.179607519189837639e+00 6.189341097462671470e+00 6.446840500784372097e+00 7.323649667188468548e+00 7.344679489477544898e+00 8.242270310069150341e+00
2.024416472413946289e-01 1.730345113807498780e+00 2.312500725808910751e+00 3.006070523813650919e+00 3.283733303082391863e+00 3.474443828665253253e+00 4.408012602518690315e+00 6.176368787875309074e+00 6.186636488716970916e+00 6.445700033421493558e+00 7.322071827487620865e+00 7.343869816833414887e+00 8.241593044913397392e+00
2.032572697257249705e-01 1.727446240540445155e+00 2.315761333088879326e+00 3.007606527525958917e+00 3.296442600391539912e+00 3.479439425608230163e+00 4.404816008436664987e+00 6.173249445553731896e+00 6.184024507770309320e+00 6.444563558482562904e+00 7.320510730084301976e+00 7.343068499975547780e+00 8.240926812125348278e+00
2.040728922100553400e-01 1.724636715873633763e+00 2.318992400435682999e+00 3.008856746440967456e+00 3.308781205959696159e+00 3.484451022863692682e+00 4.401701123820767059e+00 6.170253108044910562e+00 6.181509355544251072e+00 6.443431692613795114e+00 7.318968871957607369e+00 7.342277297018746651e+00 8.240272822819719067e+00
2.048885146943857094e-01 1.721919380166440972e+00 2.322187189355919834e+00 3.009841811310097981e+00 3.320732663166819698e+00 3.489454036713214968e+00 4.398674982149500146e+00 6.167383117207671184e+00 6.179095016196738399e+00 6.442305256938771763e+00 7.317448878339023466e+00 7.341498004421440626e+00 8.239632305484644093e+00
2.057041371787160511e-01 1.719297049446122383e+00 2.325338629805569823e+00 3.010582653529666697e+00 3.332280620887477340e+00 3.494424122111048359e+00 4.395744591521505207e+00 6.164642519288343614e+00 6.176785232010018944e+00 6.441185296721527287e+00 7.315953507926559851e+00 7.340732454166632337e+00 8.239006504361773509e+00
2.065197596630464205e-01 1.716772510540035990e+00 2.328439318120517409e+00 3.011100335569623088e+00 3.343408893980779784e+00 3.499337360242801953e+00 4.392916881741294688e+00 6.162034043247270887e+00 6.174583476636326118e+00 6.440073102323575327e+00 7.314485658030779547e+00 7.339982510788038539e+00 8.238396677766985476e+00
2.073353821473767622e-01 1.714348516199368566e+00 2.331481516921270369e+00 3.011415906541051957e+00 3.354101530040662027e+00 3.504170419068246556e+00 4.390198645607168437e+00 6.159560079207197170e+00 6.172492926628125431e+00 6.438970231527130217e+00 7.313048369613830424e+00 7.339250068246533587e+00 8.237804096355779038e+00
2.081510046317071316e-01 1.712027780224256279e+00 2.334457157302257002e+00 3.011550281620124281e+00 3.364342882191195372e+00 3.508900687708716326e+00 4.387596474611899389e+00 6.157222657179135972e+00 6.170516431193868279e+00 6.437878533285983806e+00 7.311644832178537001e+00 7.338537046663069496e+00 8.237230041337694431e+00
2.089666271160375011e-01 1.709812972600520453e+00 2.337357843634724208e+00 3.011524143204844517e+00 3.374117687520449493e+00 3.513506386354429800e+00 4.385116689453028016e+00 6.155023426232117068e+00 6.168656480138979603e+00 6.436800172950528420e+00 7.310278388460006660e+00 7.337845388915220646e+00 8.236675802644366939e+00
2.097822496003678427e-01 1.707706714658661085e+00 2.340174861326986822e+00 3.011357861129031033e+00 3.383411150532794398e+00 3.517966653898517926e+00 4.382765265957771383e+00 6.152963634283265648e+00 6.166915169976426192e+00 6.435737658992866983e+00 7.308952538867893090e+00 7.337177057105631839e+00 8.236142677056180972e+00
2.105978720846982122e-01 1.705711574265745378e+00 2.342899187893426216e+00 3.011071428956268559e+00 3.392209030769021805e+00 3.522261615793072398e+00 4.380547757252163166e+00 6.151044108693574763e+00 6.165294168223383053e+00 6.434693871230381390e+00 7.307670945622444236e+00 7.336534028911630756e+00 8.235631966292583428e+00
2.114134945690285539e-01 1.703830061061422096e+00 2.345521507683916873e+00 3.010684413279047345e+00 3.400497733504439068e+00 3.526372434717195858e+00 4.378469213237456081e+00 6.149265237862064915e+00 6.163794675941291601e+00 6.433672090510161645e+00 7.306437436522910112e+00 7.335918293826455105e+00 8.235144975071474249e+00
2.122291170533589233e-01 1.702064621749117768e+00 2.348032230614449656e+00 3.010215913007987520e+00 3.408264402196672371e+00 3.530281346595845360e+00 4.376534098668446227e+00 6.147626954017031409e+00 6.162417388628370851e+00 6.432676029769990755e+00 7.305256008281678426e+00 7.335331849303480922e+00 8.234683009143250132e+00
2.130447395376892927e-01 1.700417635454073872e+00 2.350421515216750468e+00 3.009684525810909950e+00 3.415497011130704585e+00 3.533971684357027687e+00 4.374746211346305813e+00 6.146128717407131958e+00 6.161162455638304891e+00 6.431709866332457892e+00 7.304130829352946108e+00 7.334776696815953123e+00 8.234247373305214168e+00
2.138603620220196344e-01 1.698891409159633215e+00 2.352679296286705579e+00 3.009108319115429087e+00 3.422184456511657036e+00 3.537427891600830598e+00 4.373108602128719546e+00 6.144769502097253699e+00 6.160029438378629152e+00 6.430778275214373174e+00 7.303066242179581558e+00 7.334254837845640473e+00 8.233839369402296882e+00
2.146759845063500038e-01 1.697488173233518305e+00 2.354795317356537687e+00 3.008504803393312166e+00 3.428316644101523369e+00 3.540635528107969332e+00 4.371623498607550395e+00 6.143547783574229371e+00 6.159017267639897319e+00 6.429886463141803787e+00 7.302066764777512375e+00 7.333768269814857632e+00 8.233460294320133599e+00
2.154916069906803455e-01 1.696210077055829712e+00 2.356759168142696925e+00 3.007890905778806800e+00 3.433884571398795771e+00 3.543581268860871436e+00 4.370292234395058095e+00 6.142461528365200429e+00 6.158124200524219383e+00 6.429040202849273911e+00 7.301137091572461379e+00 7.333318981976993278e+00 8.233111437976560865e+00
2.163072294750107150e-01 1.695059184760364213e+00 2.358560327028546677e+00 3.007282942420836491e+00 3.438880402332505692e+00 3.546252898003167342e+00 4.369115185980488647e+00 6.141508185867093239e+00 6.157347777581581028e+00 6.428245867107337475e+00 7.300282093400103811e+00 7.332908951281644327e+00 8.232794081317846846e+00
2.171228519593410844e-01 1.694037471100866332e+00 2.360188208528646303e+00 3.006696588319995200e+00 3.443297532495021684e+00 3.548639298934618047e+00 4.368091719059790989e+00 6.140684682578532616e+00 6.156684780925778533e+00 6.427510461764662786e+00 7.299506816577247648e+00 7.332540138230993598e+00 8.232509494325725541e+00
2.179384744436714261e-01 1.693146817453667685e+00 2.361632215550469649e+00 3.006146843748062736e+00 3.447130643076704359e+00 3.550730441534555304e+00 4.367220146097021249e+00 6.139987418916399875e+00 6.156131194289649500e+00 6.426841656908102607e+00 7.298816480949352759e+00 7.332214482744625172e+00 8.232258934041599474e+00
2.187540969280017955e-01 1.692389007967808334e+00 2.362881796121539590e+00 3.005647996684827739e+00 3.450375741890699288e+00 3.552517367330525477e+00 4.366497696645355475e+00 6.139412268787060256e+00 6.155682166190110216e+00 6.426247815037790190e+00 7.298216476817807497e+00 7.331933900050502828e+00 8.232043642614009116e+00
2.195697194123321372e-01 1.691765725873579207e+00 2.363926504089811864e+00 3.005213581029875236e+00 3.453030190182461823e+00 3.553992173281148581e+00 4.365920501645237373e+00 6.138954582068116395e+00 6.155331977603782256e+00 6.425738014928112030e+00 7.297712360650187691e+00 7.331700276620016332e+00 8.231864845375502782e+00
2.203853418966625066e-01 1.691278549960010480e+00 2.364756063137257946e+00 3.004856330650773177e+00 3.455092714294504930e+00 3.555147994721929106e+00 4.365483592537553470e+00 6.138609190139511895e+00 6.155074015796900611e+00 6.425322069605761577e+00 7.297309849477541022e+00 7.331515466165159367e+00 8.231723748954898667e+00
2.212009643809928761e-01 1.690928951231241095e+00 2.365360433278221652e+00 3.004588129608735780e+00 3.456563401685187831e+00 3.555978987928257506e+00 4.365180915599220057e+00 6.138370414583563139e+00 6.154900756196926004e+00 6.425010536634665925e+00 7.297014813885184026e+00 7.331381285716018326e+00 8.231621539430804546e+00
2.220165868653232177e-01 1.690718289751411918e+00 2.365729878853704449e+00 3.004419959151991115e+00 3.457443681259658064e+00 3.556480312678443667e+00 4.365005361447678922e+00 6.138232079151715759e+00 6.154803754421458883e+00 6.424814718670958769e+00 7.296833269508026021e+00 7.331299511796331991e+00 8.231559380532035064e+00
2.228322093496535872e-01 1.690647811686900592e+00 2.365855036889046303e+00 3.004361842279130723e+00 3.457736288437003758e+00 3.556648115148946410e+00 4.364948809195075441e+00 6.138187525071843176e+00 6.154773650769183035e+00 6.424746652062116148e+00 7.296771366947715443e+00 7.331271876714800406e+00 8.231538411890401363e+00
2.228322093496535872e-01 1.690647811686900592e+00 2.365855036889046303e+00 3.004361842279130723e+00 3.457736288437003758e+00 3.556648115148946410e+00 4.364948809195075441e+00 6.138187525071843176e+00 6.154773650769183035e+00 6.424746652062116148e+00 7.296771366947715443e+00 7.331271876714800406e+00 8.231538411890401363e+00
2.244634543336573307e-01 1.690931804680596784e+00 2.365337304476509139e+00 3.004610728273265252e+00 3.456575650779254882e+00 3.555972572020370315e+00 4.365155528655983552e+00 6.138350828841613094e+00 6.154872256034554567e+00 6.425045415862827625e+00 7.297031692393097124e+00 7.331385709919407745e+00 8.231624473345677373e+00
2.260946993176610742e-01 1.691788522386560967e+00 2.363742283535594790e+00 3.005393644251867613e+00 3.453127313310194513e+00 3.553940654979007352e+00 4.365718368639077696e+00 6.138798200734981059e+00 6.155104575820585566e+00 6.426016381541434619e+00 7.297847205192902642e+00 7.331735627466255067e+00 8.231888296305202246e+00
2.277259443016648177e-01 1.693223581192852212e+00 2.361014953113203418e+00 3.006750534119990270e+00 3.447453636428742030e+00 3.550555508251547643e+00 4.366543262473460807e+00 6.139461343789363923e+00 6.155367199883169604e+00 6.427777280643010904e+00 7.299270546804796922e+00 7.332333552033782453e+00 8.232337966484031710e+00
2.293571892856685612e-01 1.695240565888605166e+00 2.357111705399091317e+00 3.008700852617872457e+00 3.439630548539820420e+00 3.545834806914803128e+00 4.367527885528385667e+00 6.140266865913820205e+00 6.155548922218843089e+00 6.430450315256183380e+00 7.301354954538604503e+00 7.333190397830592566e+00 8.232981038898014248e+00
2.309884342696723047e-01 1.697840988994235412e+00 2.352001302724864296e+00 3.011242274359287485e+00 3.429744365243154292e+00 3.539810598407453490e+00 4.368564897817982740e+00 6.141137547871243996e+00 6.155535800382767597e+00 6.434157070582167570e+00 7.304153519274972695e+00 7.334315995329276916e+00 8.233824499191310764e+00
2.326196792536760483e-01 1.701024265404052604e+00 2.345665231307535681e+00 3.014349729890981155e+00 3.417888643489160216e+00 3.532529354957124390e+00 4.369545073127031110e+00 6.141993776537501226e+00 6.155217349468550481e+00 6.439012357711687784e+00 7.307718341551107777e+00 7.335719030840707866e+00 8.234874730521502428e+00
2.342509242376797918e-01 1.704787702232340774e+00 2.338097440452610254e+00 3.017974734226540612e+00 3.404161270387580984e+00 3.524052299636116548e+00 4.370360113556865933e+00 6.142755108096030980e+00 6.154493218213503702e+00 6.445117640048773744e+00 7.312099603931062397e+00 7.337407001614883129e+00 8.236137486217423032e+00
2.358821692216835353e-01 1.709126503470686842e+00 2.329303523518439611e+00 3.022044896238344158e+00 3.388661922950439109e+00 3.514456078796922345e+00 4.370905015371994828e+00 6.143341917109861328e+00 6.153279432080450029e+00 6.452554956298370392e+00 7.317344585845701133e+00 7.339386186728762418e+00 8.237617868314726977e+00
2.375134142056872788e-01 1.714033788784494083e+00 2.319299451739195828e+00 3.026463435566759674e+00 3.371489970606153630e+00 3.503833860239802256e+00 4.371079920060545021e+00 6.143677080023775439e+00 6.151513244214181775e+00 6.461382293744288852e+00 7.323496654912955428e+00 7.341661633599094294e+00 8.239320311966137567e+00
2.391446591896910223e-01 1.719500625507024427e+00 2.308110005062109948e+00 3.031108502678217853e+00 3.352742836968154005e+00 3.492296933357747601e+00 4.370791443214334215e+00 6.143687636414665754e+00 6.149155874817285650e+00 6.471631122984139672e+00 7.330594275167315210e+00 7.344237159559253492e+00 8.241248575620350181e+00
2.407759041736947658e-01 1.725516072637081066e+00 2.295767052648129969e+00 3.035832112391442905e+00 3.332514796276939695e+00 3.479976862675854932e+00 4.369953517751610228e+00 6.143306369045651749e+00 6.146192878794869863e+00 6.483306343520914616e+00 7.338670076639979278e+00 7.347115367581017686e+00 8.243405736769458869e+00
2.424071491576985093e-01 1.732067235416827833e+00 2.282307822651274076e+00 3.040458580541069544e+00 3.310896154075087860e+00 3.467028177862818694e+00 4.368487816037463389e+00 6.142473245151739647e+00 6.142632388557416334e+00 6.496388380739977819e+00 7.347750031477803034e+00 7.350297674918766511e+00 8.245794192980424597e+00
2.440383941417022529e-01 1.739139328862941092e+00 2.267773273195660355e+00 3.044782527221128632e+00 3.287972749108385440e+00 3.453631435007661121e+00 4.366323829388252697e+00 6.138501849384468301e+00 6.141136666737480709e+00 6.510836803205367396e+00 7.353784353215115921e+00 7.357852778729675691e+00 8.248415667855065081e+00
2.456696391257059964e-01 1.746715748449749306e+00 2.252206642135510695e+00 3.048566824003664077e+00 3.263825710933694779e+00 3.439996202115971347e+00 4.363398686460570275e+00 6.133844000430329402e+00 6.139254486892515850e+00 6.526594693249887058e+00 7.357574578438155655e+00 7.368989132997026736e+00 8.251271221504808295e+00
2.473008841097097399e-01 1.754778145997384797e+00 2.235652219177340250e+00 3.051541370943341214e+00 3.238531411831014228e+00 3.426363045279308572e+00 4.359656787566943414e+00 6.128712773649126255e+00 6.136794761604510207e+00 6.543593085138431853e+00 7.361666488922706364e+00 7.381161801824680957e+00 8.254361265082913235e+00
2.489321290937134834e-01 1.763306508699304720e+00 2.218154354968506325e+00 3.053404312210704852e+00 3.212161559415843914e+00 3.413002896053561663e+00 4.355049323059384747e+00 6.123169578542912994e+00 6.133736221166842917e+00 6.561754990662610254e+00 7.366057249757390402e+00 7.394365323999241291e+00 8.257685578887121736e+00
2.505633740777172269e-01 1.772279239127973138e+00 2.199756700062783121e+00 3.053828112832033259e+00 3.184783385624267993e+00 3.400211387076520708e+00 4.349533732916966322e+00 6.117280213951141299e+00 6.130068460603098401e+00 6.580998760494827238e+00 7.370743121789799623e+00 7.408586227197333507e+00 8.261243333529646904e+00
2.521946190617209704e-01 1.781673233978924742e+00 2.180501652529411860e+00 3.052473373387018629e+00 3.156459897038359053e+00 3.388295301486405897e+00 4.343073153186701063e+00 6.111112465380521996e+00 6.125791863018929639e+00 6.601240714561924072e+00 7.375719533604555345e+00 7.423803390200042429e+00 8.265033113668183162e+00
2.538258640457247139e-01 1.791463959242772797e+00 2.160429985397085417e+00 3.049012462516104804e+00 3.127250159993756995e+00 3.377549085363116710e+00 4.335635883977461802e+00 6.104734330878744508e+00 6.120917282047060759e+00 6.622397092671802987e+00 7.380981154952804602e+00 7.439988583560958268e+00 8.269052943799195532e+00
2.554571090297284575e-01 1.801625519421210297e+00 2.139580622575368629e+00 3.043162015424786038e+00 3.097209601177653315e+00 3.368222406012762793e+00 4.327194903858408104e+00 6.098212763911728729e+00 6.115465518544718648e+00 6.644385433754012027e+00 7.386521970266437087e+00 7.457107154238766356e+00 8.273300315632805990e+00
2.570883540137322010e-01 1.812130718311191657e+00 2.117990532764897793e+00 3.034718224016685895e+00 3.066390310394111030e+00 3.360484860244604910e+00 4.317727447020348386e+00 6.091612809679461726e+00 6.109466631907331191e+00 6.667125506645697364e+00 7.392335351064335924e+00 7.475118814852248050e+00 8.277772216594057042e+00
2.587195989977359445e-01 1.822951108752762117e+00 2.095694713764021166e+00 3.023584285330150223e+00 3.034841336931348277e+00 3.354398492694357525e+00 4.307214652482025841e+00 6.084997023083511536e+00 6.102959127781738324e+00 6.690539905961093936e+00 7.398414126242470523e+00 7.493978496938998646e+00 8.282465159027680102e+00
2.603508439817396880e-01 1.834057028544493040e+00 2.072726243443503868e+00 3.002608974690292865e+00 3.009779665303483398e+00 3.349908490016844098e+00 4.295641288911267175e+00 6.078425078246624480e+00 6.095989062057437735e+00 6.714554407021941174e+00 7.404750649424813425e+00 7.513637229501668457e+00 8.287375209720178049e+00
2.619820889657434315e-01 1.845417619442229151e+00 2.049116377765112684e+00 2.969737034141788801e+00 2.993427635134145337e+00 3.346855612484066711e+00 4.282995554177609243e+00 6.071953502674296566e+00 6.088609096562941581e+00 6.739098152430829103e+00 7.411336862731915609e+00 7.534043008497194549e+00 8.292498019392994024e+00
2.636133339497471750e-01 1.857000825723963633e+00 2.024894680117790724e+00 2.936267101498708065e+00 2.974726741134127828e+00 3.345004717055053423e+00 4.269268945429324447e+00 6.065635489679943149e+00 6.080877535822229341e+00 6.764103723750364949e+00 7.418164356492146005e+00 7.555141628906499207e+00 8.297828851862055544e+00
2.652445789337509185e-01 1.868773368156338543e+00 2.000089169699891478e+00 2.902238787448827129e+00 2.953917016256216499e+00 3.344078575266080211e+00 4.254456193162415190e+00 6.059520759084644936e+00 6.072857367453177169e+00 6.789507136363567952e+00 7.425224424573884541e+00 7.576877457759650270e+00 8.303362612600791337e+00
2.668758239177546621e-01 1.880700688234669737e+00 1.974726479594669515e+00 2.867689969632462255e+00 2.931250442673297929e+00 3.343787485058298703e+00 4.238555251294592097e+00 6.053655448390428795e+00 6.064615322113703577e+00 6.815247783984750285e+00 7.432508115152410610e+00 7.599194133246597538e+00 8.309093876484984875e+00
2.685070689017584056e-01 1.892746856130878452e+00 1.948832017564843921e+00 2.832657035032269732e+00 2.906970298824833598e+00 3.343850048978137757e+00 4.221567334555572870e+00 6.048082025173619591e+00 6.056220962929940832e+00 6.841268350912250717e+00 7.440006276842171751e+00 7.622035181260808478e+00 8.315016914537277870e+00
2.701383138857621491e-01 1.904874433626990715e+00 1.922430124475888791e+00 2.797175130903374107e+00 2.881299543720548861e+00 3.344004969447907705e+00 4.203496994442915913e+00 6.042839217088564752e+00 6.047745809471512857e+00 6.867514704251586721e+00 7.447709600222914617e+00 7.645344546046215051e+00 8.321125719526632381e+00
2.717695588697658926e-01 1.895544226715145220e+00 1.917044280041216853e+00 2.761278436271700887e+00 2.854436095899560488e+00 3.344016005025688187e+00 4.184352225463034536e+00 6.037961959316143101e+00 6.039262497771713534e+00 6.893935774324857491e+00 7.455608654867993401e+00 7.669067035875962723e+00 8.327414030312350945e+00
2.734008038537696361e-01 1.868196980079000147e+00 1.929215284119978113e+00 2.725000471068175223e+00 2.826552449871515993e+00 3.343672644083425016e+00 4.164144594273973432e+00 6.030843975659109901e+00 6.033481361128973930e+00 6.920483428777478352e+00 7.463693922045835372e+00 7.693148687859760138e+00 8.333875354854145101e+00
2.750320488377733796e-01 1.840410403424010077e+00 1.941343996978255104e+00 2.688374467781180055e+00 2.797797577706398808e+00 3.342788545477600959e+00 4.142889385564623161e+00 6.022562731681960990e+00 6.029424693948456593e+00 6.947112344087275737e+00 7.471955823312932843e+00 7.717537058135432559e+00 8.340502991837588809e+00
2.766632938217771231e-01 1.812206000982953480e+00 1.953384128527876573e+00 2.651433843027179993e+00 2.768299767826368107e+00 3.341199089406134082e+00 4.120605759938904988e+00 6.014490055992295581e+00 6.025815403202109621e+00 6.973779876979221193e+00 7.480384745250586498e+00 7.742181444989796546e+00 8.347290050889558444e+00
2.782945388057808667e-01 1.783604872686145981e+00 1.965285849068109325e+00 2.614212827059434030e+00 2.738169634614731507e+00 3.338758798117072324e+00 4.097316920618042424e+00 6.006695332483751315e+00 6.022673145731584299e+00 7.000445937447688394e+00 7.488971060619830311e+00 7.767033053042223578e+00 8.354229471379881033e+00
2.799257837897846102e-01 1.754627812144969434e+00 1.976994802642497051e+00 2.576747344168155873e+00 2.707502921234409055e+00 3.335338995463121403e+00 4.073050287325136409e+00 5.999245362990668795e+00 6.020013853664617720e+00 7.027072864548880915e+00 7.497705146221391281e+00 7.792045106680348887e+00 8.361314039824033983e+00
2.815570287737883537e-01 1.725295392183067600e+00 1.988450677677981782e+00 2.539076297915995095e+00 2.676382946222333636e+00 3.330825844375177258e+00 4.047837677173233395e+00 5.992203726190970414e+00 6.017849824708376261e+00 7.053625305757447173e+00 7.506577397752020708e+00 7.817172920614994247e+00 8.368536405917350152e+00
2.831882737577920972e-01 1.695628037966310231e+00 1.999585070320490932e+00 2.501243525232314635e+00 2.644882664824184548e+00 3.325118779432089333e+00 4.021715493643376327e+00 5.985630175753730242e+00 6.016189837866833479e+00 7.080070100424323165e+00 7.515578241946545113e+00 7.842373934852459705e+00 8.375889097244208159e+00
2.848195187417958407e-01 1.665646087906575978e+00 2.010318169855496606e+00 2.463300889515676495e+00 2.613066372335192789e+00 3.318129294268362894e+00 3.994724925718414532e+00 5.979580083994798123e+00 6.015039292717286656e+00 7.106376167688527978e+00 7.524698146288130829e+00 7.867607720670833693e+00 8.383364532716157669e+00
2.864507637257995842e-01 1.635369842609035951e+00 2.020553393958162580e+00 2.425313384817715079e+00 2.580991098090414493e+00 3.309780021528148986e+00 3.966912159838856589e+00 5.974103938640245026e+00 6.014400369657947998e+00 7.132514399060164934e+00 7.533927626558715396e+00 7.892835963413149969e+00 8.390955034801109491e+00
2.880820087098033278e-01 1.604819602210268314e+00 2.030168283320135991e+00 2.387367941918804970e+00 2.548707742618372407e+00 3.300004039127645949e+00 3.938328607474067766e+00 5.969246901081448620e+00 6.014272207993407449e+00 7.158457555789670579e+00 7.543257252488288600e+00 7.918022427130688712e+00 8.398652840612147230e+00
2.897132536938070713e-01 1.574015692519767917e+00 2.038998221304967107e+00 2.349589371896920742e+00 2.516262006475991519e+00 3.288744341155857676e+00 3.909031150652188202e+00 5.965048434622164386e+00 6.014651098370230820e+00 7.184180171059687758e+00 7.552677651746780185e+00 7.943132905363187390e+00 8.406450111928993607e+00
2.913444986778108148e-01 1.542978480436128175e+00 2.046805671167518437e+00 2.312170757289374823e+00 2.483695152427767283e+00 3.275953419844644277e+00 3.879082406649659642e+00 5.961542010614163445e+00 6.015530685907150676e+00 7.209658456974393559e+00 7.562179512506316037e+00 7.968135161652675436e+00 8.414338944228434869e+00
2.929757436618145583e-01 1.511728379162551095e+00 2.053218834837332363e+00 2.275434391505065879e+00 2.451044635339187039e+00 3.261592914222460671e+00 3.848551011069145655e+00 5.958754899067583821e+00 6.016902180367184272e+00 7.234870216272981658e+00 7.571753584785051672e+00 7.992998862767110246e+00 8.422311374801727979e+00
2.946069886458183018e-01 1.480285843795991152e+00 2.057604674234107645e+00 2.239958333029061777e+00 2.418344627475936814e+00 3.245633290195770737e+00 3.817511915573856829e+00 5.956708048384126819e+00 6.018754569866907822e+00 7.259794758656221703e+00 7.581390680767369439e+00 8.017695507063505644e+00 8.430359390037997613e+00
2.962382336298220453e-01 1.448671357910175983e+00 2.058813469556154185e+00 2.206831411383270325e+00 2.385626461199392256e+00 3.228053525376997523e+00 3.786046692415574455e+00 5.955416056433023186e+00 6.021074834881656734e+00 7.284412821585753761e+00 7.591081674278883362e+00 8.042198349947481617e+00 8.438474931952518077e+00
2.978694786138257888e-01 1.416905411794302294e+00 2.054795656250373970e+00 2.178035959699625046e+00 2.352919006365405075e+00 3.208840779781462427e+00 3.754243832404060122e+00 5.954887232453694779e+00 6.023848159652318124e+00 7.308706495393779257e+00 7.600817499579047620e+00 8.066482327983036882e+00 8.446649904038110890e+00
2.995007235978295324e-01 1.385008473046547506e+00 2.042746327406603335e+00 2.156302910354654934e+00 2.320248995969838024e+00 3.187990040443648088e+00 3.722199015948280287e+00 5.955123746432654741e+00 6.027058138498988527e+00 7.332659152524573898e+00 7.610589149618965266e+00 8.090523982867059871e+00 8.454876176516528119e+00
3.011319685818332759e-01 1.353000950253582468e+00 2.021278012503762600e+00 2.142938674144653000e+00 2.287641310600045053e+00 3.165503733992550472e+00 3.690015328162096875e+00 5.956121859877832492e+00 6.030686974971489533e+00 7.356255380718240033e+00 7.620387673897980996e+00 8.114301386200567734e+00 8.463145591065082129e+00
3.027632135658370194e-01 1.320903150514191937e+00 1.992284845394705739e+00 2.135960731277886993e+00 2.255119229903574496e+00 3.141391306233851211e+00 3.657803378840817743e+00 5.957872229494041605e+00 6.034715672192433544e+00 7.379480919940219152e+00 7.630204176038795971e+00 8.137794065756109418e+00 8.471449965091618850e+00
3.043944585498407629e-01 1.288735231587270880e+00 1.958745237440214781e+00 2.132294870387702268e+00 2.222704657446368248e+00 3.115668771790311098e+00 3.625681276746977932e+00 5.960360273307117041e+00 6.039124213156908283e+00 7.402322602856810541e+00 7.640029811188585818e+00 8.160982933750917212e+00 8.479781095628656118e+00
3.060257035338445064e-01 1.256517149462107463e+00 1.922692452017651821e+00 2.129804742779858984e+00 2.190418323895678032e+00 3.088358239857170950e+00 3.593774395929235421e+00 5.963566587398358543e+00 6.043891730129669071e+00 7.424768298656654331e+00 7.649855783341459770e+00 8.183850217482078193e+00 8.488130762915146121e+00
3.076569485178482499e-01 1.224268602163977482e+00 1.885216856973196187e+00 2.127290028992348425e+00 2.158279972341144326e+00 3.059487424177233628e+00 3.562214861238247821e+00 5.967467400647415765e+00 6.048996662617256881e+00 7.446806860020168450e+00 7.659673342666851070e+00 8.206379392557449748e+00 8.496490733731526745e+00
3.092881935018519934e-01 1.192008970621442510e+00 1.846889211225185567e+00 2.124063941858687965e+00 2.126308528691494004e+00 3.029089146507859098e+00 3.531140673142725728e+00 5.972035054737054871e+00 6.054416903683190299e+00 7.468428073043014592e+00 7.669473782917855864e+00 8.228555118858754014e+00 8.504852764551262823e+00
3.109194384858557370e-01 1.159757257436755395e+00 1.808022711605645760e+00 2.094522259399629327e+00 2.119692420427214063e+00 2.997200843249553603e+00 3.500694391644750159e+00 5.977238497096089453e+00 6.060129934618196046e+00 7.489622609925325136e+00 7.679248438984273228e+00 8.250363179297407257e+00 8.513208604569330262e+00
3.125506834698594805e-01 1.127532024419131584e+00 1.768800372493917195e+00 2.062938918232165353e+00 2.113868511960681928e+00 2.963864084667657384e+00 3.471021309536472810e+00 5.983043775358177996e+00 6.066112948174875008e+00 7.510381984245160680e+00 7.688988684645856608e+00 8.271790421364762835e+00 8.521549998665335579e+00
3.141819284538632240e-01 1.095351329766426351e+00 1.729335879233835360e+00 2.031575883377418457e+00 2.106353845308367667e+00 2.929124115412501173e+00 3.442267070559635656e+00 5.989414523183180350e+00 6.072342960730606087e+00 7.530698508642464262e+00 7.698685930573137881e+00 8.292824701433875845e+00 8.529868690356476435e+00
3.158131734378669675e-01 1.063232665816810085e+00 1.689703829023188275e+00 2.000450285850999155e+00 2.096951282787311133e+00 2.893029423979049941e+00 3.414574731351060155e+00 5.996312428802703209e+00 6.078796913857646089e+00 7.550565254748140553e+00 7.708331622615368417e+00 8.313454831736320827e+00 8.538156424792799015e+00
3.174444184218707110e-01 1.031192898342923714e+00 1.649955563383856960e+00 1.969579129890460800e+00 2.085492485409364161e+00 2.855631347485595217e+00 3.388081327835937184e+00 6.003697679294158540e+00 6.085451765860486084e+00 7.569976015201613784e+00 7.717917240407805579e+00 8.333670529913614899e+00 8.546404951844710496e+00
3.190756634058744545e-01 9.992482084303850876e-01 1.610127896251659863e+00 1.938979405812733425e+00 2.071832950132551421e+00 2.816983716816392480e+00 3.362914082886034883e+00 6.011529375252059104e+00 6.092284573892546184e+00 7.588925267609421432e+00 7.727434296323847818e+00 8.353462371025438316e+00 8.554606029330184214e+00
3.207069083898781980e-01 9.674140380753416535e-01 1.570248158650822123e+00 1.908668195627511111e+00 2.055850880245933432e+00 2.777142545868040546e+00 3.339186472656103799e+00 6.019765912123178353e+00 6.099272567292181257e+00 7.607408140306289646e+00 7.736874334791280283e+00 8.372821741885827507e+00 8.562751426426679302e+00
3.223381533738819416e-01 9.357050407567434336e-01 1.530337240443507163e+00 1.878662771546517396e+00 2.037447920959493786e+00 2.736165767442228614e+00 3.316994438497670394e+00 6.028365325937937058e+00 6.106393212786819014e+00 7.625420379789424885e+00 7.746228931985920774e+00 8.391740797591475953e+00 8.570832927310336302e+00
3.239693983578856851e-01 9.041350383930497614e-01 1.490411494802124315e+00 1.848980687394597977e+00 2.016550567211586209e+00 2.694113017292397938e+00 3.296413071240146486e+00 6.037285602458662304e+00 6.113624272207519361e+00 7.642958319705419612e+00 7.755489695910839920e+00 8.410212420103011510e+00 8.578842335062796920e+00
3.256006433418894286e-01 8.727169862862493854e-01 1.450483971463677024e+00 1.819639862808266617e+00 1.993111456278661153e+00 2.651045466992875799e+00 3.277494088648384096e+00 6.046484949852859891e+00 6.120943853339043450e+00 7.660018851277903273e+00 7.764648266864250914e+00 8.428230178739378076e+00 8.586771475883521632e+00
3.272318883258931721e-01 8.414629478931541229e-01 1.410565239959609807e+00 1.790658659996708924e+00 1.967110022343882880e+00 2.607025705670600324e+00 3.260264367171327837e+00 6.055922035877932430e+00 6.128330454504594904e+00 7.676599395072185139e+00 7.773696318295077567e+00 8.445788292446897216e+00 8.594612203643452020e+00
3.288631333098969156e-01 8.103840815528275954e-01 1.370663954577123977e+00 1.762055952737179743e+00 1.938552207760702917e+00 2.562117670223692301e+00 3.244725680973851833e+00 6.065556191239806161e+00 6.135763003453678976e+00 7.692697874000788083e+00 7.782625558041283753e+00 8.462881593707354710e+00 8.602356404813273016e+00
3.304943782939006591e-01 7.794906416449256525e-01 1.330787252120824604e+00 1.733851187179620057e+00 1.907469124120696247e+00 2.516386623438885195e+00 3.230855663581616355e+00 6.075347581276746567e+00 6.143220891087125324e+00 7.708312687481015502e+00 7.791427729943169567e+00 8.479505493953572781e+00 8.609996003797586894e+00
3.321256232779044026e-01 7.487919970650031010e-01 1.290941038733611101e+00 1.706064433945194247e+00 1.873914730574131271e+00 2.469899179397036626e+00 3.218609867967003435e+00 6.085257348443127157e+00 6.150684000517618877e+00 7.723442686661836198e+00 7.800094615821354438e+00 8.495655950365758713e+00 8.617522968703710262e+00
3.337568682619081462e-01 7.182966703883527648e-01 1.251130201449407009e+00 1.678716430921939340e+00 1.837962730778249121e+00 2.422723375704918691e+00 3.207924687593660895e+00 6.095247728250632768e+00 6.158132731927866921e+00 7.738087150643263357e+00 7.808618037807792511e+00 8.511329433927565802e+00 8.624929317571579546e+00
3.353881132459118897e-01 6.880124016599711290e-01 1.211358767634428402e+00 1.651828616089790591e+00 1.799702969707394073e+00 2.374928792394473742e+00 3.198720833624233428e+00 6.105282141391975337e+00 6.165548023653180998e+00 7.752245763615658980e+00 7.816989861017579422e+00 8.526522898626581082e+00 8.632207125088617872e+00
3.370193582299156332e-01 6.579462414081017618e-01 1.171630027672061480e+00 1.625423149652438726e+00 1.759237634131064709e+00 2.326586717770822599e+00 3.190907048757029241e+00 6.115325264748903145e+00 6.172911369881028065e+00 7.765918592850239222e+00 7.825201996550068095e+00 8.541233751690622711e+00 8.639348529810717991e+00
3.386506032139193767e-01 6.281046782389451133e-01 1.131946631270656312e+00 1.599522924717829975e+00 1.716677534209351652e+00 2.277770362053207709e+00 3.184383769520452656e+00 6.125343083894681406e+00 6.180204835327733015e+00 7.779106067473827046e+00 7.833246404809698582e+00 8.555459824757694065e+00 8.646345741907721205e+00
3.402818481979231202e-01 5.984938072426048139e-01 1.092310664534456244e+00 1.574151565759855931e+00 1.672138684584927759e+00 2.228555120326609629e+00 3.179046511194641322e+00 6.135302929560619845e+00 6.187411067222166494e+00 7.791808957962012450e+00 7.841115099140487210e+00 8.569199345884550567e+00 8.653191051448406057e+00
3.419130931819268637e-01 5.691195464348045574e-01 1.052723712788335320e+00 1.549333414115760421e+00 1.625739329972076819e+00 2.179018887095565127e+00 3.174788825088274091e+00 6.145173500363627639e+00 6.194513304897971473e+00 7.804028356283201795e+00 7.848800149773595081e+00 8.582450912306187618e+00 8.659876837236652136e+00
3.435443381659306072e-01 5.399879095795386830e-01 1.013186912696133479e+00 1.525093499833626076e+00 1.577597488269483428e+00 2.129242425596247212e+00 3.171504751353158458e+00 6.154924873900124105e+00 6.201495387269794435e+00 7.815765656623244517e+00 7.856293688094792671e+00 8.595213463866041792e+00 8.666395576206349816e+00
3.451755831499343508e-01 5.111053449899661816e-01 9.737009962172648025e-01 1.501457499287589092e+00 1.527829024032753225e+00 2.079309795965304630e+00 3.169090751735023748e+00 6.164528508112251615e+00 6.208341758444991143e+00 7.827022536614233417e+00 7.863587911248751894e+00 8.607486257044870470e+00 8.672739853378544694e+00
3.468068281339380943e-01 4.824791512753912603e-01 9.342663282538888891e-01 1.476546221442352813e+00 1.478451678129392377e+00 2.029308847365313362e+00 3.167447151081184131e+00 6.173957234632893254e+00 6.215037471700373573e+00 7.837800938982683263e+00 7.870675087109892942e+00 8.619268839524528047e+00 8.678902372378969332e+00
3.484380731179418378e-01 4.541179824678116539e-01 8.948829393524222464e-01 1.423856798914501454e+00 1.456102819345981958e+00 1.979331780193005708e+00 3.166479143931482110e+00 6.183185245622670578e+00 6.221568192033303468e+00 7.848103053520368633e+00 7.877547559665901922e+00 8.630561025231839878e+00 8.684875966509061129e+00
3.500693181019455813e-01 4.260324564634356825e-01 8.555505544749230085e-01 1.369863294709177115e+00 1.434438136444993628e+00 1.929475785488539819e+00 3.166097435690719664e+00 6.192188075429085004e+00 6.227920197478175268e+00 7.857931299265216829e+00 7.884197754879939346e+00 8.641362869817271530e+00 8.690653610357104597e+00
3.517005630859493248e-01 3.982358821455148079e-01 8.162686186042907854e-01 1.314662750630924304e+00 1.413485172089001596e+00 1.879843769519673913e+00 3.166218590420494028e+00 6.200942578227822466e+00 6.234080379362513469e+00 7.867288306760167771e+00 7.890618187121831717e+00 8.651674646532791613e+00 8.696228431929489133e+00
3.533318080699530683e-01 3.707451217318856740e-01 7.770363197639053032e-01 1.258346625520639916e+00 1.393271682838821857e+00 1.830545172062630455e+00 3.166765152899974289e+00 6.209426902650357682e+00 6.240036241661402805e+00 7.876176900232962019e+00 7.896801466287270976e+00 8.661496822484284763e+00 8.701593725274351598e+00
3.549630530539568118e-01 3.435816055069405572e-01 7.378526098977956638e-01 1.201000878618740275e+00 1.373825511034841407e+00 1.781696886862991214e+00 3.167665604389410028e+00 6.217620464261377045e+00 6.245775899594996794e+00 7.884600079511019821e+00 7.902740305757701478e+00 8.670830035244696532e+00 8.706742963561932669e+00
3.565942980379605554e-01 3.167725156670171405e-01 6.987162239568415201e-01 1.142706172769440309e+00 1.355174445226649205e+00 1.733424291692497121e+00 3.168854201773374513e+00 6.225503916623597256e+00 6.251288077600793081e+00 7.892561001451380953e+00 7.908427531391440723e+00 8.679675069826146228e+00 8.711669812576706917e+00
3.582255430219642989e-01 2.903521537815017539e-01 6.596256974631278247e-01 1.083538157337296415e+00 1.337346070937907916e+00 1.685862392638613372e+00 3.170270739968612528e+00 6.233059121576313366e+00 6.256562106800451772e+00 7.900062960627955100e+00 7.913856091778632695e+00 8.688032836021235994e+00 8.716368144567185894e+00
3.598567880059680424e-01 2.643635012278979235e-01 6.205793827670262885e-01 1.023567799754735219e+00 1.320367613899478210e+00 1.639157081746140276e+00 3.171860268525832360e+00 6.240269119256227626e+00 6.261587922069928425e+00 7.907109368977906172e+00 7.919019070037061070e+00 8.695904346136655860e+00 8.720832052388962197e+00
3.614880329899717859e-01 2.388599722739880027e-01 5.815754641709022232e-01 9.628617424055001539e-01 1.304265778179569235e+00 1.593466497380367830e+00 3.173572785649804384e+00 6.247118098304090594e+00 6.266356058811479279e+00 7.913703734068700868e+00 7.923909697469690094e+00 8.703290693155032898e+00 8.725055863866524319e+00
3.631192779739755294e-01 2.139073430049500402e-01 5.426119720598958640e-01 9.014826679625208561e-01 1.289066581857301053e+00 1.548962460608509950e+00 3.175362926521724027e+00 6.253591366627113679e+00 6.270857649516707433e+00 7.919849635611381444e+00 7.928521369444570865e+00 8.710193029374011076e+00 8.729034156288671298e+00
3.647505229579792729e-01 1.895858130581805079e-01 5.036867961568880503e-01 8.394896614052969053e-01 1.274795193008224858e+00 1.505831935730449933e+00 3.177189657770240760e+00 6.259675323023981441e+00 6.275084420201054947e+00 7.925550699820318457e+00 7.932847663886251510e+00 8.716612545584235150e+00 8.732761770942147450e+00
3.663817679419830164e-01 1.659921175288306128e-01 4.647976979997620051e-01 7.769385608944066046e-01 1.261475768778993478e+00 1.464278425446997378e+00 3.179015986051822118e+00 6.265357429925353827e+00 6.279028686782050173e+00 7.930810571213361193e+00 7.936882362777150313e+00 8.722550450860493854e+00 8.736233827578088196e+00
3.680130129259867600e-01 1.432415496236420227e-01 4.259423227248472221e-01 7.138822926655923329e-01 1.249131300215995388e+00 1.424523157447746602e+00 3.180808685783054202e+00 6.270626187457125411e+00 6.282683351466060273e+00 7.935632881470797706e+00 7.940619477045980368e+00 8.728007953051521994e+00 8.739445738696717925e+00
3.696442579099905035e-01 1.214696777111338444e-01 3.871182102299557948e-01 6.503711873079722761e-01 1.237783465280553274e+00 1.386805846732623859e+00 3.182538048933164720e+00 6.275471108995109404e+00 6.286041899201409322e+00 7.940021215038965074e+00 7.944053275154840499e+00 8.732986240064469996e+00 8.742393223527773927e+00
3.712755028939942470e-01 1.008334434621833836e-01 3.483228057816865064e-01 5.864532763798455672e-01 1.227452492141174911e+00 1.351384727142207698e+00 3.184177658268108946e+00 6.279882698347525327e+00 6.289098394249101887e+00 7.943979071290138805e+00 7.947178315573336427e+00 8.737486462048835278e+00 8.745072321577321617e+00
3.729067478779979905e-01 8.151121754033846534e-02 3.095534701260724275e-01 5.221745694327442067e-01 1.218157034403672734e+00 1.318535443606325464e+00 3.185704184394916094e+00 6.283852428674909341e+00 6.291847476916593074e+00 7.947509823246019955e+00 7.949989483133914625e+00 8.741509714591419566e+00 8.747479405607254677e+00
3.745379928620017340e-01 6.370128394959159723e-02 2.708074891553465813e-01 4.575793122798607060e-01 1.209914059451014712e+00 1.288548302960590419e+00 3.187097206271250371e+00 6.287372723234557093e+00 6.294284360494258657e+00 7.950616673146241098e+00 7.952482028989995122e+00 8.745057023038460997e+00 8.749611193911160711e+00
3.761692378460054775e-01 4.761815651811559386e-02 2.320820831809240203e-01 3.927102278506106048e-01 1.202738750555006009e+00 1.261723333073041520e+00 3.188339054426715169e+00 6.290436938018595825e+00 6.296404828429300160e+00 7.953302605493129285e+00 7.954651613549738265e+00 8.748129328063100729e+00 8.751464761750357368e+00
3.778004828300092210e-01 3.348614090920229436e-02 1.933744158559049520e-01 3.276087412921119824e-01 1.196644422928701657e+00 1.238362654699810328e+00 3.189414675918404996e+00 6.293039346339607931e+00 6.298205231766921486e+00 7.955570338612670156e+00 7.956494351350208660e+00 8.750727472595235312e+00 8.753037551817136830e+00
3.794317278140129646e-01 2.152963056808905248e-02 1.546816027830672235e-01 2.623151911643478162e-01 1.191642453453165773e+00 1.218759896865306613e+00 3.190311519958294539e+00 6.295175125405634731e+00 6.299682486884275789e+00 7.957422276203234723e+00 7.958006856405468454e+00 8.752852190227052631e+00 8.754327383597731327e+00
3.810629727980167081e-01 1.195931902117441763e-02 1.160007198118289118e-01 1.968690286602650663e-01 1.187742223466912384e+00 1.203186838268853975e+00 3.191019443164138547e+00 6.296840344916638799e+00 6.300834073538580604e+00 7.958860460742753773e+00 7.959186286163022039e+00 8.754504095200259073e+00 8.755332461517177478e+00
3.826942177820204516e-01 4.947769017097785292e-03 7.732881086812978810e-02 1.313090067322878751e-01 1.184951073779051844e+00 1.191878125021453627e+00 3.191530633467905442e+00 6.298031957706509587e+00 6.301658033247016455e+00 7.959886530922100079e+00 7.960030381905804475e+00 8.755683674071063294e+00 8.756051381759665020e+00
3.843254627660241951e-01 1.679075351768168610e-04 3.866289355329662752e-02 6.567336007432449108e-02 1.183274270970586572e+00 1.185015675394785806e+00 3.191839551845383482e+00 6.298747792448346594e+00 6.302152968012479484e+00 7.960501685394117288e+00 7.960537503314576213e+00 8.756391279135881334e+00 8.756483137673285455e+00
3.859567077500279386e-01 -2.715378299956360485e-04 -3.341631043487157496e-05 -3.341609464079803987e-05 1.182714984085453391e+00 1.182714984085459164e+00 3.191942891191317688e+00 6.298986548435745902e+00 6.302318039405862216e+00 7.960706655016317690e+00 7.960706655016320354e+00 8.756627123685259306e+00 8.756627123685266412e+00
