# frequency_THz total_states_per_THz_per_atom Ga_contribution Se_contribution
-5.000000000000000000e-01 6.653039863649696441e-09 3.118039886288511982e-09 3.534999977361189009e-09
-4.799999999999999822e-01 1.844175202636172764e-08 8.642789982643883897e-09 9.798962043717853664e-09
-4.599999999999999645e-01 4.919687696383089004e-08 2.305573140181718531e-08 2.614114556201373782e-08
-4.399999999999999467e-01 1.263237260037842244e-07 5.919910986799948555e-08 6.712461613578481823e-08
-4.199999999999999289e-01 3.122547983966585356e-07 1.463280154932551181e-07 1.659267829034034704e-07
-3.999999999999999112e-01 7.431588943985943327e-07 3.482469479938113174e-07 3.949119464047833859e-07
-3.799999999999998934e-01 1.703263514281530308e-06 7.981303937168640575e-07 9.051331205646665679e-07
-3.599999999999998757e-01 3.760083849581738810e-06 1.761874250882149237e-06 1.998209598699591691e-06
-3.399999999999998579e-01 7.996988757110112193e-06 3.747038435820569582e-06 4.249950321289547693e-06
-3.199999999999998401e-01 1.638994890997542181e-05 7.679312666019511718e-06 8.710636243955920252e-06
-2.999999999999998224e-01 3.237966917419355842e-05 1.517046629250782587e-05 1.720920288168574611e-05
-2.799999999999998046e-01 6.168034610006141710e-05 2.889705897595274753e-05 3.278328712410867634e-05
-2.599999999999997868e-01 1.133321147399396007e-04 5.309315676217617842e-05 6.023895797776345612e-05
-2.399999999999997691e-01 2.009378379960444813e-04 9.412916617027286049e-05 1.068086718257717021e-04
-2.199999999999997513e-01 3.439258384496407962e-04 1.611024857250878265e-04 1.828233527245531052e-04
-1.999999999999997335e-01 5.685621545718634422e-04 2.663104008327452673e-04 3.022517537391184459e-04
-1.799999999999997158e-01 9.083307045765977479e-04 4.254264177923510783e-04 4.829042867842469407e-04
-1.599999999999996980e-01 1.403254681371261976e-03 6.571802215703506558e-04 7.460744598009118626e-04
-1.399999999999996803e-01 2.097798232330817456e-03 9.823723720183198151e-04 1.115425860312498291e-03
-1.199999999999996625e-01 3.037196913788785344e-03 1.422153118057153465e-03 1.615043795731631662e-03
-9.999999999999964473e-02 4.262410199725294793e-03 1.995656349779812919e-03 2.266753849945483609e-03
-7.999999999999962697e-02 5.804304988172585139e-03 2.717274462244650968e-03 3.087030525927930268e-03
-5.999999999999960920e-02 7.678050255346865680e-03 3.594033697070227878e-03 4.084016558276640403e-03
-3.999999999999959144e-02 9.878894126146895924e-03 4.623618808521019578e-03 5.255275317625881550e-03
-1.999999999999957367e-02 1.238039907432175735e-02 5.793550775668695682e-03 6.586848298653059930e-03
4.440892098500626162e-16 1.513580105252253748e-02 7.081828869883943604e-03 8.053972182638598210e-03
2.000000000000046185e-02 1.808251236163226777e-02 8.459045473067807255e-03 9.623466888564465721e-03
4.000000000000047962e-02 2.114907740298212213e-02 9.891649025361512124e-03 1.125742837762062215e-02
6.000000000000049738e-02 2.426332604186826752e-02 1.134576622319429309e-02 1.291755981867397790e-02
8.000000000000051514e-02 2.736022556436271125e-02 1.279088077187238298e-02 1.456934479249032653e-02
1.000000000000005329e-01 3.038807948383795768e-02 1.420273547891037422e-02 1.618534400492759040e-02
1.200000000000005507e-01 3.331219692433600582e-02 1.556504768163898683e-02 1.774714924269703287e-02
1.400000000000005684e-01 3.611578829672776325e-02 1.686992437460924782e-02 1.924586392211852584e-02
1.600000000000005862e-01 3.879842068683178602e-02 1.811713410433039156e-02 2.068128658250140486e-02
1.800000000000006040e-01 4.137272586081258696e-02 1.931256093861573320e-02 2.206016492219685377e-02
2.000000000000006217e-01 4.386014169917164252e-02 2.046620668295150158e-02 2.339393501622016175e-02
2.200000000000006395e-01 4.628635216235091332e-02 2.159005298102797607e-02 2.469629918132294072e-02
2.400000000000006573e-01 4.867691201465135925e-02 2.269601092169414025e-02 2.598090109295724676e-02
2.600000000000006750e-01 5.105342873591246083e-02 2.379413242281311347e-02 2.725929631309936818e-02
2.800000000000006928e-01 5.343066628162817383e-02 2.489125412875228122e-02 2.853941215287589261e-02
3.000000000000007105e-01 5.581496584733232347e-02 2.599025899200847062e-02 2.982470685532386673e-02
3.200000000000007283e-01 5.820431955811595365e-02 2.709011302311317010e-02 3.111420653500280090e-02
3.400000000000007461e-01 6.059018856696157806e-02 2.818672008140028079e-02 3.240346848556129034e-02
3.600000000000007638e-01 6.296074478147969944e-02 2.927444419573225695e-02 3.368630058574745983e-02
3.800000000000007816e-01 6.530477899178331602e-02 3.034794414577831473e-02 3.495683484600501517e-02
4.000000000000007994e-01 6.761525840588708536e-02 3.140384314374025654e-02 3.621141526214686351e-02
4.200000000000008171e-01 6.989157807612128570e-02 3.244178527063588946e-02 3.744979280548535461e-02
4.400000000000008349e-01 7.213993416661171332e-02 3.346461021747558495e-02 3.867532394913613530e-02
4.600000000000008527e-01 7.437180478869946654e-02 3.447763960609892542e-02 3.989416518260055500e-02
4.800000000000008704e-01 7.660104180389548656e-02 3.548731113706811435e-02 4.111373066682734445e-02
5.000000000000008882e-01 7.884038735893737770e-02 3.649954256840737266e-02 4.234084479053001893e-02
5.200000000000009059e-01 8.109828411213645949e-02 3.751823356342642857e-02 4.358005054871005868e-02
5.400000000000009237e-01 8.337670855030671069e-02 3.854424804223564871e-02 4.483246050807105504e-02
5.600000000000009415e-01 8.567051698241057167e-02 3.957510711828386707e-02 4.609540986412674624e-02
5.800000000000009592e-01 8.796850899222884157e-02 4.060548890365997532e-02 4.736302008856890788e-02
6.000000000000009770e-01 9.025608429694997881e-02 4.162847688655812312e-02 4.862760741039184181e-02
6.200000000000009948e-01 9.251899233326757455e-02 4.263732151508244084e-02 4.988167081818511983e-02
6.400000000000010125e-01 9.474730679096389496e-02 4.362730706557044896e-02 5.111999972539349457e-02
6.600000000000010303e-01 9.693853595268688006e-02 4.459721188488250526e-02 5.234132406780438174e-02
6.800000000000010481e-01 9.909886041046257754e-02 4.554988812554935235e-02 5.354897228491323213e-02
7.000000000000010658e-01 1.012419445447912542e-01 4.649170090176259901e-02 5.475024364302862739e-02
7.200000000000010836e-01 1.033855051596292013e-01 4.743091304671497033e-02 5.595459211291425872e-02
7.400000000000011013e-01 1.055465902873352069e-01 4.837546292111481738e-02 5.717112736622044500e-02
7.600000000000011191e-01 1.077370178399967016e-01 4.933081533423840787e-02 5.840620250575828676e-02
7.800000000000011369e-01 1.099604326127326809e-01 5.029856860331677337e-02 5.966186400941590057e-02
8.000000000000011546e-01 1.122119478737202830e-01 5.127626783312957959e-02 6.093568004059067567e-02
8.200000000000011724e-01 1.144805442574421406e-01 5.225849947281120678e-02 6.222204478463089911e-02
8.400000000000011902e-01 1.167536199684998249e-01 5.323897362311814929e-02 6.351464634538167564e-02
8.600000000000012079e-01 1.190226011511072296e-01 5.421306991274554843e-02 6.480953123836166729e-02
8.800000000000012257e-01 1.212884449962532696e-01 5.518028569819708601e-02 6.610815929805614888e-02
9.000000000000012434e-01 1.235661214661585572e-01 5.614614719094949968e-02 6.741997427520897423e-02
9.200000000000012612e-01 1.258875429085812014e-01 5.712333419483976715e-02 6.876420871374147592e-02
9.400000000000012790e-01 1.283027314137446251e-01 5.813193893343364393e-02 7.017079248031100891e-02
9.600000000000012967e-01 1.308791827482103376e-01 5.919888657606409144e-02 7.168029617214626004e-02
9.800000000000013145e-01 1.336994314846576271e-01 6.035659783273111811e-02 7.334283365192650894e-02
1.000000000000001332e+00 1.368568276379686088e-01 6.164100154311576152e-02 7.521582609485287507e-02
1.020000000000001350e+00 1.404495629301107940e-01 6.308902345907488329e-02 7.736053947103586903e-02
1.040000000000001368e+00 1.445730509026718624e-01 6.473568103392435269e-02 7.983736986874748198e-02
1.060000000000001386e+00 1.493108757052271640e-01 6.661089904162427466e-02 8.269997666360290323e-02
1.080000000000001403e+00 1.547247220331374740e-01 6.873615266687960190e-02 8.598856936625789982e-02
1.100000000000001421e+00 1.608440518986808954e-01 7.112109693105544972e-02 8.972295496762544564e-02
1.120000000000001439e+00 1.676568139292407555e-01 7.376049433817677414e-02 9.389631959106403691e-02
1.140000000000001457e+00 1.751030161600154178e-01 7.663197883899923457e-02 9.847103732101603057e-02
1.160000000000001474e+00 1.830732593063566782e-01 7.969537763439057954e-02 1.033778816719660432e-01
1.180000000000001492e+00 1.914139743147573458e-01 8.289429345770338298e-02 1.085196808570539906e-01
1.200000000000001510e+00 1.999399760603243204e-01 8.616032062984382844e-02 1.137796554304804642e-01
1.220000000000001528e+00 2.084532261870807313e-01 8.941965937491463956e-02 1.190335668121661888e-01
1.240000000000001545e+00 2.167649317948872612e-01 9.260119352898787959e-02 1.241637382658993954e-01
1.260000000000001563e+00 2.247169704171087523e-01 9.564458029584993470e-02 1.290723901212589841e-01
1.280000000000001581e+00 2.321986238332587049e-01 9.850679431231292027e-02 1.336918295209458263e-01
1.300000000000001599e+00 2.391557925236661442e-01 1.011659377818585892e-01 1.379898547418077215e-01
1.320000000000001616e+00 2.455918469038053942e-01 1.036218444163564123e-01 1.419700024874491207e-01
1.340000000000001634e+00 2.515613686029969376e-01 1.058938086983884919e-01 1.456675599046084457e-01
1.360000000000001652e+00 2.571595956314043918e-01 1.080164013764889352e-01 1.491431942549154843e-01
1.380000000000001670e+00 2.625110529271499349e-01 1.100346343420659512e-01 1.524764185850840947e-01
1.400000000000001688e+00 2.677606322472423916e-01 1.119997081251050269e-01 1.557609241221373231e-01
1.420000000000001705e+00 2.730695217017866661e-01 1.139663072018462231e-01 1.591032144999405817e-01
1.440000000000001723e+00 2.786171227394028671e-01 1.159920023993863125e-01 1.626251203400166656e-01
1.460000000000001741e+00 2.846085443527723302e-01 1.181388171918310304e-01 1.664697271609412166e-01
1.480000000000001759e+00 2.912854620802304839e-01 1.204764114959835097e-01 1.708090505842468354e-01
1.500000000000001776e+00 2.989362378600075032e-01 1.230856677192096738e-01 1.758505701407977184e-01
1.520000000000001794e+00 3.078997176513956768e-01 1.260608900990294878e-01 1.818388275523661335e-01
1.540000000000001812e+00 3.185568736474024831e-01 1.295086381915691032e-01 1.890482354558335465e-01
1.560000000000001830e+00 3.313062250315726431e-01 1.335417010222397227e-01 1.977645240093328649e-01
1.580000000000001847e+00 3.465229754915503668e-01 1.382679753458246896e-01 2.082550001457257327e-01
1.600000000000001865e+00 3.645072760797250511e-01 1.437757824040994947e-01 2.207314936756254453e-01
1.620000000000001883e+00 3.854322163177749117e-01 1.501188448378655282e-01 2.353133714799094944e-01
1.640000000000001901e+00 4.093049302793490551e-01 1.573050285870450371e-01 2.519999016923040180e-01
1.660000000000001918e+00 4.359529793801637521e-01 1.652925239726564244e-01 2.706604554075070501e-01
1.680000000000001936e+00 4.650426997155199249e-01 1.739953703133936269e-01 2.910473294021264090e-01
1.700000000000001954e+00 4.961278643505392938e-01 1.832976340891730449e-01 3.128302302613661379e-01
1.720000000000001972e+00 5.287183591735034049e-01 1.930729841004897307e-01 3.356453750730136187e-01
1.740000000000001990e+00 5.623523436409159082e-01 2.032047035900612642e-01 3.591476400508548106e-01
1.760000000000002007e+00 5.966534883742019568e-01 2.136008387542770448e-01 3.830526496199244679e-01
1.780000000000002025e+00 6.313578841672388142e-01 2.242002410035317250e-01 4.071576431637072835e-01
1.800000000000002043e+00 6.663022838626230238e-01 2.349673768217097058e-01 4.313349070409129293e-01
1.820000000000002061e+00 7.013747753760817272e-01 2.458764431127063999e-01 4.554983322633752163e-01
1.840000000000002078e+00 7.364387625128081538e-01 2.568880232939624308e-01 4.795507392188458340e-01
1.860000000000002096e+00 7.712492093738870791e-01 2.679237730343276835e-01 5.033254363395598396e-01
1.880000000000002114e+00 8.053845271127362260e-01 2.788459407604523266e-01 5.265385863522840104e-01
1.900000000000002132e+00 8.382165111361749021e-01 2.894483797565429173e-01 5.487681313796324289e-01
1.920000000000002149e+00 8.689333274797020890e-01 2.994636803697393601e-01 5.694696471099628399e-01
1.940000000000002167e+00 8.966171749393082591e-01 3.085871498040217986e-01 5.880300251352863494e-01
1.960000000000002185e+00 9.203616753246076643e-01 3.165133371391827266e-01 6.038483381854247156e-01
1.980000000000002203e+00 9.393993064640574486e-01 3.229761768051438442e-01 6.164231296589133269e-01
2.000000000000002220e+00 9.532022893767637672e-01 3.277815255496794311e-01 6.254207638270843361e-01
2.020000000000002238e+00 9.615257316126998299e-01 3.308223823419665921e-01 6.307033492707336819e-01
2.040000000000002256e+00 9.643797629639304647e-01 3.320725627518608114e-01 6.323072002120697643e-01
2.060000000000002274e+00 9.619426018016692392e-01 3.315624153845343480e-01 6.303801864171352243e-01
2.080000000000002292e+00 9.544493989232119002e-01 3.293472811625401953e-01 6.251021177606711499e-01
2.100000000000002309e+00 9.421022609092457589e-01 3.254825951163868303e-01 6.166196657928588731e-01
2.120000000000002327e+00 9.250392931391299145e-01 3.200169910263634399e-01 6.050223021127667522e-01
2.140000000000002345e+00 9.033767070922833486e-01 3.130071422786658286e-01 5.903695648136177976e-01
2.160000000000002363e+00 8.773074028709243466e-01 3.045484241063742825e-01 5.727589787645506192e-01
2.180000000000002380e+00 8.472149254321068579e-01 2.948079904887344060e-01 5.524069349433726739e-01
2.200000000000002398e+00 8.137538475591454823e-01 2.840448570408896645e-01 5.297089905182561509e-01
2.220000000000002416e+00 7.778596166895388464e-01 2.726059580336092081e-01 5.052536586559297493e-01
2.240000000000002434e+00 7.406771362042653406e-01 2.608959470750535914e-01 4.797811891292118602e-01
2.260000000000002451e+00 7.034264273635925102e-01 2.493279440560595694e-01 4.540984833075329408e-01
2.280000000000002469e+00 6.672439479268212903e-01 2.382687063145220163e-01 4.289752416122997181e-01
2.300000000000002487e+00 6.330427746331065419e-01 2.279927263948982874e-01 4.050500482382086709e-01
2.320000000000002505e+00 6.014243919245645387e-01 2.186558432654018558e-01 3.827685486591629327e-01
2.340000000000002522e+00 5.726556637731983201e-01 2.102923050968784624e-01 3.623633586763200243e-01
2.360000000000002540e+00 5.467051586234561444e-01 2.028326502943613163e-01 3.438725083290948836e-01
2.380000000000002558e+00 5.233198778791023908e-01 1.961353912354470985e-01 3.271844866436552368e-01
2.400000000000002576e+00 5.021190093528332676e-01 1.900240280987948172e-01 3.120949812540384505e-01
2.420000000000002593e+00 4.826841103861480020e-01 1.843218753532629983e-01 2.983622350328852257e-01
2.440000000000002611e+00 4.646316787469737530e-01 1.788794372073809202e-01 2.857522415395925552e-01
2.460000000000002629e+00 4.476611421977219063e-01 1.735915922207280915e-01 2.740695499769935650e-01
2.480000000000002647e+00 4.315770662985105588e-01 1.684040590674517057e-01 2.631730072310587421e-01
2.500000000000002665e+00 4.162884556537476133e-01 1.633103458743902781e-01 2.529781097793574185e-01
2.520000000000002682e+00 4.017907083314895544e-01 1.583416353244180286e-01 2.434490730070714148e-01
2.540000000000002700e+00 3.881373278497837198e-01 1.535527944539041290e-01 2.345845333958793411e-01
2.560000000000002718e+00 3.754088518533836849e-01 1.490078307155022208e-01 2.264010211378815196e-01
2.580000000000002736e+00 3.636855025490697280e-01 1.447676100334833738e-01 2.189178925155864097e-01
2.600000000000002753e+00 3.530279740926915988e-01 1.408816471921122693e-01 2.121463269005796626e-01
2.620000000000002771e+00 3.434681364557867767e-01 1.373845863343106655e-01 2.060835501214760557e-01
2.640000000000002789e+00 3.350090423788676386e-01 1.342969670832156459e-01 2.007120752956523257e-01
2.660000000000002807e+00 3.276320728220610268e-01 1.316292535494377192e-01 1.960028192726233631e-01
2.680000000000002824e+00 3.213084810536678271e-01 1.293879018730258734e-01 1.919205791806419814e-01
2.700000000000002842e+00 3.160126776129988935e-01 1.275822788832748633e-01 1.884303987297240301e-01
2.720000000000002860e+00 3.117348310583099025e-01 1.262312804952212542e-01 1.855035505630887871e-01
2.740000000000002878e+00 3.084903799645525857e-01 1.253683797259971533e-01 1.831220002385552936e-01
2.760000000000002895e+00 3.063238516494669605e-01 1.250435821081685439e-01 1.812802695412982779e-01
2.780000000000002913e+00 3.053043133864311032e-01 1.253205808960244361e-01 1.799837324904068336e-01
2.800000000000002931e+00 3.055103860864373799e-01 1.262675951540360164e-01 1.792427909324013635e-01
2.820000000000002949e+00 3.070045106271466206e-01 1.279412427479049430e-01 1.790632678792415389e-01
2.840000000000002967e+00 3.097992182014282503e-01 1.303644966120862669e-01 1.794347215893419278e-01
2.860000000000002984e+00 3.138220812695475814e-01 1.335021381895049319e-01 1.803199430800427328e-01
2.880000000000003002e+00 3.188896631256167291e-01 1.372395813660970687e-01 1.816500817595196882e-01
2.900000000000003020e+00 3.247024160339443966e-01 1.413725310108670530e-01 1.833298850230773436e-01
2.920000000000003038e+00 3.308703260179568506e-01 1.456145710454274100e-01 1.852557549725294128e-01
2.940000000000003055e+00 3.369722396344135840e-01 1.496267119555458880e-01 1.873455276788674739e-01
2.960000000000003073e+00 3.426410989975615107e-01 1.530673331809187243e-01 1.895737658166427031e-01
2.980000000000003091e+00 3.476558440631251079e-01 1.556542105694323497e-01 1.920016334936927305e-01
3.000000000000003109e+00 3.520132158547262802e-01 1.572247958999386519e-01 1.947884199547877948e-01
3.020000000000003126e+00 3.559536553325659547e-01 1.577791519910503315e-01 1.981745033415156232e-01
3.040000000000003144e+00 3.599269707455370337e-01 1.574934639991090179e-01 2.024335067464280158e-01
3.060000000000003162e+00 3.645031471760520891e-01 1.567003641150264137e-01 2.078027830610256199e-01
3.080000000000003180e+00 3.702548942276689403e-01 1.558427339724197114e-01 2.144121602552491457e-01
3.100000000000003197e+00 3.776523304145864568e-01 1.554161407882169721e-01 2.222361896263695402e-01
3.120000000000003215e+00 3.870091986563946040e-01 1.559178770413010839e-01 2.310913216150936034e-01
3.140000000000003233e+00 3.985021328825040232e-01 1.578160212923378214e-01 2.406861115901661741e-01
3.160000000000003251e+00 4.122548319205271983e-01 1.615413760547999567e-01 2.507134558657274082e-01
3.180000000000003268e+00 4.284484671801946920e-01 1.674926557834412466e-01 2.609558113967533899e-01
3.200000000000003286e+00 4.474008959382186901e-01 1.760361652940286847e-01 2.713647306441900331e-01
3.220000000000003304e+00 4.695594043566032605e-01 1.874797482719338104e-01 2.820796560846694501e-01
3.240000000000003322e+00 4.953763826520660163e-01 2.020085669382479521e-01 2.933678157138180920e-01
3.260000000000003340e+00 5.250776261733702821e-01 2.195853749682069589e-01 3.054922512051632122e-01
3.280000000000003357e+00 5.583757585961920400e-01 2.398355195349500535e-01 3.185402390612421808e-01
3.300000000000003375e+00 5.942119184925742648e-01 2.619507831399751074e-01 3.322611353525988798e-01
3.320000000000003393e+00 6.306161185098448918e-01 2.846508862942848106e-01 3.459652322155605808e-01
3.340000000000003411e+00 6.647564431473129698e-01 3.062340740638939129e-01 3.585223690834186683e-01
3.360000000000003428e+00 6.932037040308126619e-01 3.247293763444289993e-01 3.684743276863836625e-01
3.380000000000003446e+00 7.123826455472866970e-01 3.381372391102234198e-01 3.742454064370632216e-01
3.400000000000003464e+00 7.191285690284439092e-01 3.447193432904468446e-01 3.744092257379976196e-01
3.420000000000003482e+00 7.112343146563998575e-01 3.432803865771515972e-01 3.679539280792483158e-01
3.440000000000003499e+00 6.878673057801404367e-01 3.333805592731379219e-01 3.544867465070030699e-01
3.460000000000003517e+00 6.497623609942791978e-01 3.154297060267425290e-01 3.343326549675365578e-01
3.480000000000003535e+00 5.991467483874706179e-01 2.906400805674758114e-01 3.085066678199954726e-01
3.500000000000003553e+00 5.394156309891707801e-01 2.608471088087221390e-01 2.785685221804489187e-01
3.520000000000003126e+00 4.746315245761512092e-01 2.282373941822775087e-01 2.463941303938742555e-01
3.540000000000003588e+00 4.089557312104503684e-01 1.950419302937271282e-01 2.139138009167235177e-01
3.560000000000004050e+00 3.461249265339727543e-01 1.632554460479235248e-01 1.828694804860491741e-01
3.580000000000003624e+00 2.890633493895484185e-01 1.344304451448869453e-01 1.546329042446617508e-01
3.600000000000003197e+00 2.396796595156238385e-01 1.095718724657494814e-01 1.301077870498744127e-01
3.620000000000003659e+00 1.988510683547026758e-01 8.913296656793125161e-02 1.097181017867715214e-01
3.640000000000004121e+00 1.665587835805737160e-01 7.309194553368317249e-02 9.346683804689068231e-02
3.660000000000003695e+00 1.421165268305293050e-01 6.107734060249217500e-02 8.103918622803708838e-02
3.680000000000003268e+00 1.244299462830748548e-01 5.250809213611655479e-02 7.192185414695820289e-02
3.700000000000003730e+00 1.122356207871630235e-01 4.672088889424468733e-02 6.551473189291838473e-02
3.720000000000004192e+00 1.042873459808529163e-01 4.306787569386322234e-02 6.121947028698972865e-02
3.740000000000003766e+00 9.947749689821268337e-02 4.097888232887907101e-02 5.849861456933376502e-02
3.760000000000003340e+00 9.689731364288850513e-02 3.999093795761142489e-02 5.690637568527708717e-02
3.780000000000003801e+00 9.584956055085223914e-02 3.975280376161585000e-02 5.609675678923625036e-02
3.800000000000004263e+00 9.583028523912578978e-02 4.001375012082426796e-02 5.581653511830160508e-02
3.820000000000003837e+00 9.649504403502495720e-02 4.060482793555425518e-02 5.589021609947072283e-02
3.840000000000003411e+00 9.762115063693553585e-02 4.141867062872554156e-02 5.620248000820995959e-02
3.860000000000003872e+00 9.907312277476874873e-02 4.239143823880259232e-02 5.668168453596614254e-02
3.880000000000004334e+00 1.007747410182682768e-01 4.348850291394044942e-02 5.728623810432787594e-02
3.900000000000003908e+00 1.026884988813116240e-01 4.469411532586375913e-02 5.799438355544786483e-02
3.920000000000003482e+00 1.048017254690000039e-01 4.600455816498490169e-02 5.879716730401497726e-02
3.940000000000003944e+00 1.071180588352813462e-01 4.742403215769135094e-02 5.969402667758995362e-02
3.960000000000004405e+00 1.096529273769572266e-01 4.896255192177675908e-02 6.069037545518055077e-02
3.980000000000003979e+00 1.124319763167756364e-01 5.063530051369252022e-02 6.179667580308308844e-02
4.000000000000003553e+00 1.154917413360248835e-01 5.246309254079781215e-02 6.302864879522718233e-02
4.020000000000004015e+00 1.188821704215899389e-01 5.447375340303975411e-02 6.440841701855021251e-02
4.040000000000004476e+00 1.226707229445020142e-01 5.670428823406729879e-02 6.596643471043460438e-02
4.060000000000004050e+00 1.269476560920865804e-01 5.920365352128022923e-02 6.774400257080633037e-02
4.080000000000003624e+00 1.318316947295842811e-01 6.203573413127312641e-02 6.979596059831127963e-02
4.100000000000004086e+00 1.374745757225264708e-01 6.528177031681184350e-02 7.219280540571465510e-02
4.120000000000004547e+00 1.440620695018892949e-01 6.904102631613565078e-02 7.502104318575358866e-02
4.140000000000004121e+00 1.518082763179653127e-01 7.342807685569030518e-02 7.838019946227507695e-02
4.160000000000003695e+00 1.609397092522925066e-01 7.856492893218230966e-02 8.237478032011014140e-02
4.180000000000004157e+00 1.716664370266163808e-01 8.456655826666303888e-02 8.709987875995328643e-02
4.200000000000004619e+00 1.841397808199734254e-01 9.151953278453983653e-02 9.262024803543345008e-02
4.220000000000004192e+00 1.983997563632517724e-01 9.945523214935957090e-02 9.894452421389229868e-02
4.240000000000003766e+00 2.143199902011838631e-01 1.083214414669870646e-01 1.059985487341966459e-01
4.260000000000004228e+00 2.315618804525801655e-01 1.179581370381521110e-01 1.136037434144281655e-01
4.280000000000004690e+00 2.495515734461950796e-01 1.280842256390883338e-01 1.214673478071066626e-01
4.300000000000004263e+00 2.674913809348691274e-01 1.383010950305873232e-01 1.291902859042816654e-01
4.320000000000003837e+00 2.844110904064145462e-01 1.481158419959926198e-01 1.362952484104218709e-01
4.340000000000004299e+00 2.992553397625047351e-01 1.569825175601122225e-01 1.422728222023925959e-01
4.360000000000004761e+00 3.109934994216599913e-01 1.643549864112551495e-01 1.466385130104048695e-01
4.380000000000004334e+00 3.187317152895396966e-01 1.697417111970923320e-01 1.489900040924471147e-01
4.400000000000003908e+00 3.218056603246310932e-01 1.727522824687114655e-01 1.490533778559196831e-01
4.420000000000004370e+00 3.198379116325296700e-01 1.731281727554975780e-01 1.467097388770318145e-01
4.440000000000004832e+00 3.127539721256877847e-01 1.707550797975039003e-01 1.419988923281838566e-01
4.460000000000004405e+00 3.007620735892611585e-01 1.656594496435627728e-01 1.351026239456984968e-01
4.480000000000003979e+00 2.843098787601044952e-01 1.579952723465202213e-01 1.263146064135844682e-01
4.500000000000004441e+00 2.640332852183712165e-01 1.480277237562703796e-01 1.160055614621010867e-01
4.520000000000004903e+00 2.407085842253352814e-01 1.361177675942374099e-01 1.045908166310979409e-01
4.540000000000004476e+00 2.152117206171428598e-01 1.227078567155847622e-01 9.250386390155815319e-02
4.560000000000004050e+00 1.884811939153226146e-01 1.083054629996924312e-01 8.017573091563040544e-02
4.580000000000004512e+00 1.614776284181387578e-01 9.346006124250050284e-02 6.801756717563815779e-02
4.600000000000004974e+00 1.351346084535010594e-01 7.873097352873123511e-02 5.640363492476979657e-02
4.620000000000004547e+00 1.103009044661214105e-01 6.464732846978459013e-02 4.565357599633682040e-02
4.640000000000004121e+00 8.768078994854400232e-02 5.166552286846101683e-02 3.601526708008299937e-02
4.660000000000004583e+00 6.778354430040528511e-02 4.013211045278675809e-02 2.765143384761857906e-02
4.680000000000005045e+00 5.089341108509898293e-02 3.025985398220409905e-02 2.063355710289490122e-02
4.700000000000004619e+00 3.706717054730174904e-02 2.212182746887685764e-02 1.494534307842487753e-02
4.720000000000004192e+00 2.615981773544526906e-02 1.566407048907355465e-02 1.049574724637170053e-02
4.740000000000004654e+00 1.787218763622322806e-02 1.073298738637246466e-02 7.139200249850763402e-03
4.760000000000005116e+00 1.180999116100283318e-02 7.110842902071307439e-03 4.699148258931530077e-03
4.780000000000004690e+00 7.542721082622380786e-03 4.552004795095989167e-03 2.990716287526389017e-03
4.800000000000004263e+00 4.652996001080244790e-03 2.813855247867657044e-03 1.839140753212586011e-03
4.820000000000004725e+00 2.770893162007264775e-03 1.678761799659760686e-03 1.092131362347505390e-03
4.840000000000005187e+00 1.592126839809400755e-03 9.661966876975422534e-04 6.259301521118572006e-04
4.860000000000004761e+00 8.823121158315316544e-04 5.362382787618693528e-04 3.460738370696633316e-04
4.880000000000004334e+00 4.714038557334410975e-04 2.868895082831945833e-04 1.845143474502465412e-04
4.900000000000004796e+00 2.427449603308461546e-04 1.479121392800565528e-04 9.483282105078992704e-05
4.920000000000005258e+00 1.204400041710701518e-04 7.346985367075859179e-05 4.697015050031149222e-05
4.940000000000004832e+00 5.756345259537777207e-05 3.515025715010948850e-05 2.241319544526829713e-05
4.960000000000004405e+00 2.649617856295791935e-05 1.619464671916604100e-05 1.030153184379189191e-05
4.980000000000004867e+00 1.174345006340420762e-05 7.183862046893929474e-06 4.559588016510283224e-06
5.000000000000005329e+00 5.010826314731900742e-06 3.067727205721544362e-06 1.943099109010356380e-06
5.020000000000004903e+00 2.058057105280792667e-06 1.260909997640225851e-06 7.971471076405672391e-07
5.040000000000004476e+00 8.135424263456744403e-07 4.987730850718530434e-07 3.147693412738211322e-07
5.060000000000004938e+00 3.094739614675229055e-07 1.898550927164109554e-07 1.196188687511120030e-07
5.080000000000005400e+00 1.132767803547346704e-07 6.953374297559069416e-08 4.374303737914404245e-08
5.100000000000004974e+00 3.989210796548287683e-08 2.450085858638883575e-08 1.539124937909406094e-08
5.120000000000004547e+00 1.351521402162166673e-08 8.305034875937289638e-09 5.210179145684378746e-09
5.140000000000005009e+00 4.404665271670547570e-09 2.707956330716233992e-09 1.696708940954314819e-09
5.160000000000005471e+00 1.380780345513700304e-09 8.492797045123642248e-10 5.315006410013370098e-10
5.180000000000005045e+00 4.163253422445271110e-10 2.561792874964017320e-10 1.601460547481254307e-10
5.200000000000004619e+00 1.207497804958085684e-10 7.432931523693949088e-11 4.642046525886914856e-11
5.220000000000005080e+00 3.378324650267609918e-11 2.079395954490422465e-11 1.298928695777187938e-11
5.240000000000005542e+00 9.540317533564993255e-12 5.831751576391479113e-12 3.708565957173516566e-12
5.260000000000005116e+00 4.489336384634412773e-12 2.575014972464861054e-12 1.914321412169552930e-12
5.280000000000004690e+00 9.354928740956438088e-12 4.991327181643677071e-12 4.363601559312761018e-12
5.300000000000005151e+00 3.442476833446537724e-11 1.821014535658563323e-11 1.621462297787971816e-11
5.320000000000005613e+00 1.288420955269431748e-10 6.818911890689527855e-11 6.065297662004787040e-11
5.340000000000005187e+00 4.654473457865495960e-10 2.466319580579057044e-10 2.188153877286439174e-10
5.360000000000004761e+00 1.617705652302130136e-09 8.583642113173652164e-10 7.593414409847661603e-10
5.380000000000005222e+00 5.408654370102470471e-09 2.874197701244600715e-09 2.534456668857870583e-09
5.400000000000005684e+00 1.739681618094273262e-08 9.260161997304690102e-09 8.136654183638047484e-09
5.420000000000005258e+00 5.383678886303562923e-08 2.870916212417646726e-08 2.512762673885914874e-08
5.440000000000004832e+00 1.603093349530446829e-07 8.565823185536382332e-08 7.465110309768080659e-08
5.460000000000005294e+00 4.593604706085952004e-07 2.459882838929189055e-07 2.133721867156762949e-07
5.480000000000005755e+00 1.266811605521359736e-06 6.800018229500051473e-07 5.868097825713538472e-07
5.500000000000005329e+00 3.362686426896061440e-06 1.809728148367989068e-06 1.552958278528069407e-06
5.520000000000004903e+00 8.592767622870109293e-06 4.637514478263754484e-06 3.955253144606358197e-06
5.540000000000005365e+00 2.114038765686668430e-05 1.144434267566030259e-05 9.696044981206385094e-06
5.560000000000005826e+00 5.008313627002690730e-05 2.720188746588575858e-05 2.288124880414116227e-05
5.580000000000005400e+00 1.142718570136578931e-04 6.228492165252498504e-05 5.198693536113281318e-05
5.600000000000004974e+00 2.511493783699077697e-04 1.374104643345500044e-04 1.137389140353579008e-04
5.620000000000005436e+00 5.318039848936947749e-04 2.921402158873585321e-04 2.396637690063361343e-04
5.640000000000005898e+00 1.085139397637244034e-03 5.986647691238933169e-04 4.864746285133519097e-04
5.660000000000005471e+00 2.134167473468819021e-03 1.182735873228365131e-03 9.514316002404554079e-04
5.680000000000005045e+00 4.046527045126398561e-03 2.253198731708126908e-03 1.793328313418274039e-03
5.700000000000005507e+00 7.398736642050885055e-03 4.140190572527921962e-03 3.258546069522963093e-03
5.720000000000005969e+00 1.304888118447163937e-02 7.339354119429921872e-03 5.709527065041712299e-03
5.740000000000005542e+00 2.220544493597972208e-02 1.255528547367332909e-02 9.650159462306389518e-03
5.760000000000005116e+00 3.647188067871608846e-02 2.073238667837754706e-02 1.573949400033860385e-02
5.780000000000005578e+00 5.783960633719281708e-02 3.305661571788134911e-02 2.478299061931146796e-02
5.800000000000006040e+00 8.859994655586955759e-02 5.090939960831439293e-02 3.769054694755524099e-02
5.820000000000005613e+00 1.311518495623161251e-01 7.575763258287768198e-02 5.539421697943856804e-02
5.840000000000005187e+00 1.876994447257561704e-01 1.089731052060465555e-01 7.872633951970969823e-02
5.860000000000005649e+00 2.598609187792963460e-01 1.515910540455434885e-01 1.082698647337531489e-01
5.880000000000006111e+00 3.482425743332981938e-01 2.040382150168590369e-01 1.442043593164393234e-01
5.900000000000005684e+00 4.520598921161165795e-01 2.658803390363512764e-01 1.861795530797654141e-01
5.920000000000005258e+00 5.688997253382178654e-01 3.356503485374027207e-01 2.332493768008154778e-01
5.940000000000005720e+00 6.947055036935738670e-01 4.108145889698115449e-01 2.838909147237622110e-01
5.960000000000006182e+00 8.240283848585692184e-01 4.879130126061274608e-01 3.361153722524414800e-01
5.980000000000005755e+00 9.505289803237489954e-01 5.628725898723574428e-01 3.876563904513919967e-01
6.000000000000005329e+00 1.067652451005252967e+00 6.314508875809252686e-01 4.362015634243280870e-01
6.020000000000005791e+00 1.169353907025317385e+00 6.897313955119998008e-01 4.796225115133174177e-01
6.040000000000006253e+00 1.250736988879566081e+00 7.345758185375969029e-01 5.161611703419695107e-01
6.060000000000005826e+00 1.308491816844668865e+00 7.639475499384383861e-01 5.445442669062303676e-01
6.080000000000005400e+00 1.341071709321504324e+00 7.770527389940172780e-01 5.640189703274880451e-01
6.100000000000005862e+00 1.348613373383398262e+00 7.742905684541090405e-01 5.743228049292897763e-01
6.120000000000006324e+00 1.332661568994187196e+00 7.570481930168748708e-01 5.756133759773131020e-01
6.140000000000005898e+00 1.295790421871062748e+00 7.274052209219743492e-01 5.683852009490881763e-01
6.160000000000005471e+00 1.241214103464674423e+00 6.878206368361393652e-01 5.533934666285347248e-01
6.180000000000005933e+00 1.172455297990927070e+00 6.408625633187081672e-01 5.315927346722189029e-01
6.200000000000006395e+00 1.093103762553240488e+00 5.890155985905149993e-01 5.040881639627267097e-01
6.220000000000005969e+00 1.006663323945060640e+00 5.345717728323539086e-01 4.720915511127071196e-01
6.240000000000005542e+00 9.164634107701230548e-01 4.795883145963024674e-01 4.368750961738205874e-01
6.260000000000006004e+00 8.256036289020387553e-01 4.258834318675912556e-01 3.997201970344472777e-01
6.280000000000006466e+00 7.369043264521341063e-01 3.750407904329250419e-01 3.618635360192086758e-01
6.300000000000006040e+00 6.528472750556949533e-01 3.284015950798307437e-01 3.244456799758644316e-01
6.320000000000005613e+00 5.755033779793041759e-01 2.870358637000558488e-01 2.884675142792483271e-01
6.340000000000006075e+00 5.064551864558692884e-01 2.516973248188348888e-01 2.547578616370343996e-01
6.360000000000006537e+00 4.467291356988225548e-01 2.227759710765697398e-01 2.239531646222531203e-01
6.380000000000006111e+00 3.967550420315157367e-01 2.002665882841873635e-01 1.964884537473285953e-01
6.400000000000005684e+00 3.563683535428929794e-01 1.837699184234118377e-01 1.725984351194810862e-01
6.420000000000006146e+00 3.248643048922374432e-01 1.725362985118001347e-01 1.523280063804373086e-01
6.440000000000006608e+00 3.011036969788558060e-01 1.655516699517952384e-01 1.355520270270607064e-01
6.460000000000006182e+00 2.836596078246839681e-01 1.616555623557656696e-01 1.220040454689183679e-01
6.480000000000005755e+00 2.709855689281784330e-01 1.596728456560241871e-01 1.113127232721543708e-01
6.500000000000006217e+00 2.615809970063264212e-01 1.585377745518003478e-01 1.030432224545260178e-01
6.520000000000006679e+00 2.541302889548285870e-01 1.573908252268111652e-01 9.673946372801750515e-02
6.540000000000006253e+00 2.475977796916777052e-01 1.556352426805042433e-01 9.196253701117342028e-02
6.560000000000005826e+00 2.412700906785225363e-01 1.529491042683347457e-01 8.832098641018804042e-02
6.580000000000006288e+00 2.347477437503546205e-01 1.492576026931630717e-01 8.549014105719149326e-02
6.600000000000006750e+00 2.278967008879223544e-01 1.446769853060389521e-01 8.321971558188337448e-02
6.620000000000006324e+00 2.207758306649125479e-01 1.394448512688848396e-01 8.133097939602745852e-02
6.640000000000005898e+00 2.135574565540621639e-01 1.338511056407423738e-01 7.970635091331985944e-02
6.660000000000006359e+00 2.064555593352147833e-01 1.281805765849324819e-01 7.827498275028232921e-02
6.680000000000006821e+00 1.996712042800674325e-01 1.226734758403433823e-01 7.699772843972402248e-02
6.700000000000006395e+00 1.933590122330469674e-01 1.175049742092567628e-01 7.585403802379031557e-02
6.720000000000005969e+00 1.876134836059433209e-01 1.127813058359767723e-01 7.483217776996645143e-02
6.740000000000006430e+00 1.824706617244347129e-01 1.085475942284336581e-01 7.392306749600102700e-02
6.760000000000006892e+00 1.779192616406667371e-01 1.048020333914737590e-01 7.311722824919289487e-02
6.780000000000006466e+00 1.739156984913846071e-01 1.015117691438167657e-01 7.240392934756789689e-02
6.800000000000006040e+00 1.703988066340183516e-01 9.862723069255091568e-02 7.177157594146757469e-02
6.820000000000006501e+00 1.673017728384691427e-01 9.609320785122554831e-02 7.120856498724362216e-02
6.840000000000006963e+00 1.645603875269860683e-01 9.385626591622084347e-02 7.070412161076522484e-02
6.860000000000006537e+00 1.621178629250076275e-01 9.186895953675414117e-02 7.024890338825350022e-02
6.880000000000006111e+00 1.599271251443138142e-01 9.009175202176168684e-02 6.983537312255205798e-02
6.900000000000006573e+00 1.579517704469376171e-01 8.849368405015287098e-02 6.945808639678491270e-02
6.920000000000007034e+00 1.561669685924837736e-01 8.705282230730063131e-02 6.911414628518328107e-02
6.940000000000006608e+00 1.545616764464365078e-01 8.575749280070743552e-02 6.880418364572921108e-02
6.960000000000006182e+00 1.531437081781080178e-01 8.460934909153294825e-02 6.853435908657516673e-02
6.980000000000006644e+00 1.519495070903349176e-01 8.362944929764200286e-02 6.832005779269278989e-02
7.000000000000007105e+00 1.510607566773731203e-01 8.286863378465955665e-02 6.819212289271361915e-02
7.020000000000006679e+00 1.506299744268248531e-01 8.242342651716427770e-02 6.820654790966063086e-02
7.040000000000006253e+00 1.509165148431489689e-01 8.245815892752514364e-02 6.845835591562374201e-02
7.060000000000006715e+00 1.523324468496145279e-01 8.323273333656722173e-02 6.909971351304738940e-02
7.080000000000007176e+00 1.554941423302423631e-01 8.513318336447608936e-02 7.036095896576649578e-02
7.100000000000006750e+00 1.612701018284214416e-01 8.869899690427671124e-02 7.257110492414484137e-02
7.120000000000006324e+00 1.708093135167235155e-01 9.463755980827712189e-02 7.617175370844635196e-02
7.140000000000006786e+00 1.855291006212927973e-01 1.038131713497629088e-01 8.171592927152976360e-02
7.160000000000007248e+00 2.070397310432937621e-01 1.171975041692202013e-01 8.984222687407364405e-02
7.180000000000006821e+00 2.369881202779438867e-01 1.357718587396282706e-01 1.012162615383155745e-01
7.200000000000006395e+00 2.768168820609082093e-01 1.603801815342263959e-01 1.164367005266818966e-01
7.220000000000006857e+00 3.274573817659915398e-01 1.915451518311850621e-01 1.359122299348064500e-01
7.240000000000007319e+00 3.890022285360770216e-01 2.292751442078722612e-01 1.597270843282049546e-01
7.260000000000006892e+00 4.604260205833755615e-01 2.729029688100270135e-01 1.875230517733487146e-01
7.280000000000006466e+00 5.394334862917316009e-01 3.210024908244444863e-01 2.184309954672874754e-01
7.300000000000006928e+00 6.225033929150041168e-01 3.714221151830562895e-01 2.510812777319482159e-01
7.320000000000007390e+00 7.051622522990049768e-01 4.214535478620846654e-01 2.837087044369208111e-01
7.340000000000006963e+00 7.824697130554087998e-01 4.681237570247478996e-01 3.143459560306609002e-01
7.360000000000006537e+00 8.496412739262422242e-01 5.085656053083278394e-01 3.410756686179146069e-01
7.380000000000006999e+00 9.026912478340970436e-01 5.403982905577155993e-01 3.622929572763812223e-01
7.400000000000007461e+00 9.389650135198192027e-01 5.620411314896818222e-01 3.769238820301371584e-01
7.420000000000007034e+00 9.574511257893254523e-01 5.728970296352267066e-01 3.845540961540983016e-01
7.440000000000006608e+00 9.588155551721746495e-01 5.733720560217459017e-01 3.854434991504289698e-01
7.460000000000007070e+00 9.451665554648520651e-01 5.647360956542885058e-01 3.804304598105641699e-01
7.480000000000007532e+00 9.196191572904620637e-01 5.488647368107864022e-01 3.707544204796753284e-01
7.500000000000007105e+00 8.857657121069775208e-01 5.279246221630005120e-01 3.578410899439771198e-01
7.520000000000006679e+00 8.471648441865421431e-01 5.040683281949115413e-01 3.430965159916312124e-01
7.540000000000006253e+00 8.069381767115015869e-01 4.791918236260973574e-01 3.277463530854041740e-01
7.560000000000007603e+00 7.675234856630328562e-01 4.547840025747609261e-01 3.127394830882720966e-01
7.580000000000007176e+00 7.305891077864832273e-01 4.318720975666886508e-01 2.987170102197947430e-01
7.600000000000006750e+00 6.970799515929355650e-01 4.110462553330804791e-01 2.860336962598553634e-01
7.620000000000008100e+00 6.673470483788830343e-01 3.925352762899019243e-01 2.748117720889818871e-01
7.640000000000007674e+00 6.413104982578810009e-01 3.763038217125094231e-01 2.650066765453716888e-01
7.660000000000007248e+00 6.186154762507407590e-01 3.621468303361242702e-01 2.564686459146164332e-01
7.680000000000006821e+00 5.987563833909951283e-01 3.497658318010619660e-01 2.489905515899332733e-01
7.700000000000006395e+00 5.811596951057234062e-01 3.388209978395054778e-01 2.423386972662182337e-01
7.720000000000007745e+00 5.652281439078895575e-01 3.289600291742631466e-01 2.362681147336265775e-01
7.740000000000007319e+00 5.503564160548721773e-01 3.198295633795384951e-01 2.305268526753336267e-01
7.760000000000006892e+00 5.359319340688835087e-01 3.110768830713365185e-01 2.248550509975471567e-01
7.780000000000008242e+00 5.213345167834368965e-01 3.023498798715030800e-01 2.189846369119339831e-01
7.800000000000007816e+00 5.059466070561000617e-01 2.933020320081284327e-01 2.126445750479715735e-01
7.820000000000007390e+00 4.891818311287120524e-01 2.836069340567763941e-01 2.055748970719355750e-01
7.840000000000006963e+00 4.705342569034609568e-01 2.729839263227460400e-01 1.975503305807150556e-01
7.860000000000006537e+00 4.496444702545522309e-01 2.612329688736199085e-01 1.884115013809323225e-01
7.880000000000007887e+00 4.263726570848818676e-01 2.482737171688428057e-01 1.780989399160390341e-01
7.900000000000007461e+00 4.008648870295967170e-01 2.341816309087849934e-01 1.666832561208119179e-01
7.920000000000007034e+00 3.735982827505339721e-01 2.192136747208396075e-01 1.543846080296945311e-01
7.940000000000008384e+00 3.453943944245106423e-01 2.038180618988713055e-01 1.415763325256393090e-01
7.960000000000007958e+00 3.173970339904562676e-01 1.886260496083573268e-01 1.287709843820989408e-01
7.980000000000007532e+00 2.910186325369888416e-01 1.744276798613323964e-01 1.165909526756563064e-01
8.000000000000007105e+00 2.678646205206179909e-01 1.621358301751410491e-01 1.057287903454769695e-01
8.020000000000006679e+00 2.496457437589372497e-01 1.527426239713008393e-01 9.690311978763635481e-02
8.040000000000008029e+00 2.380830729584086924e-01 1.472689976652543919e-01 9.081407529315445315e-02
8.060000000000007603e+00 2.348021258399816402e-01 1.467035292911191835e-01 8.809859654886245672e-02
8.080000000000007176e+00 2.412058318218235908e-01 1.519233577208720098e-01 8.928247410095127568e-02
8.100000000000008527e+00 2.583164174983008099e-01 1.635912588741066931e-01 9.472515862419403354e-02
8.120000000000008100e+00 2.865869116659031102e-01 1.820304455162341239e-01 1.045564661496689030e-01
8.140000000000007674e+00 3.257025898703850841e-01 2.070914409041315074e-01 1.186111489662534935e-01
8.160000000000007248e+00 3.744148129768863908e-01 2.380393300294761372e-01 1.363754829474102259e-01
8.180000000000006821e+00 4.304643774694738578e-01 2.734986247054247421e-01 1.569657527640490602e-01
8.200000000000008171e+00 4.906490971788307620e-01 3.114910052623597325e-01 1.791580919164711405e-01
8.220000000000007745e+00 5.510663206226379396e-01 3.495855940732273681e-01 2.014807265494110156e-01
8.240000000000007319e+00 6.075191820012599830e-01 3.851546096299283684e-01 2.223645723713319755e-01
8.260000000000008669e+00 6.560275802778464671e-01 4.156968313989026775e-01 2.403307488789447333e-01
8.280000000000008242e+00 6.933475920720750807e-01 4.391676159225994525e-01 2.541799761494756837e-01
8.300000000000007816e+00 7.173906961789762171e-01 4.542463423082117036e-01 2.631443538707647356e-01
8.320000000000007390e+00 7.274531193872233459e-01 4.604841037114775770e-01 2.669690156757459354e-01
8.340000000000006963e+00 7.242109018680479293e-01 4.583031146395109556e-01 2.659077872285371402e-01
8.360000000000008313e+00 7.094934667823277197e-01 4.488555464104234671e-01 2.606379203719040305e-01
8.380000000000007887e+00 6.858992343616371334e-01 4.337817435647790543e-01 2.521174907968577461e-01
8.400000000000007461e+00 6.563460694381874072e-01 4.149264502928540210e-01 2.414196191453339413e-01
8.420000000000008811e+00 6.236506261670151652e-01 3.940726518234962672e-01 2.295779743435193421e-01
8.440000000000008384e+00 5.902075164966587018e-01 3.727381190640976505e-01 2.174693974325606904e-01
8.460000000000007958e+00 5.578025959909710396e-01 3.520566145580473205e-01 2.057459814329239411e-01
8.480000000000007532e+00 5.275577340798641712e-01 3.327423265616858972e-01 1.948154075181783296e-01
8.500000000000007105e+00 4.999777230443234743e-01 3.151191163294461139e-01 1.848586067148774714e-01
8.520000000000008455e+00 4.750583630510794575e-01 2.991887134410721183e-01 1.758696496100076723e-01
8.540000000000008029e+00 4.524172715065066797e-01 2.847134928942448018e-01 1.677037786122618224e-01
8.560000000000007603e+00 4.314206387594833880e-01 2.712967932158509843e-01 1.601238455436323482e-01
8.580000000000008953e+00 4.112936766432646052e-01 2.584529001527671732e-01 1.528407764904974320e-01
8.600000000000008527e+00 3.912144981150075251e-01 2.456664178068742876e-01 1.455480803081331265e-01
8.620000000000008100e+00 3.703974655290374063e-01 2.324447732157401969e-01 1.379526923132972649e-01
8.640000000000007674e+00 3.481720130010843572e-01 2.183676389778916871e-01 1.298043740231930310e-01
8.660000000000007248e+00 3.240580704674594914e-01 2.031340406739743920e-01 1.209240297934848773e-01
8.680000000000008598e+00 2.978323366964689134e-01 1.866036259591711821e-01 1.112287107372978701e-01
8.700000000000008171e+00 2.695740314901831636e-01 1.688250593536709809e-01 1.007489721365123492e-01
8.720000000000007745e+00 2.396771118905550724e-01 1.500434688083719381e-01 8.963364308218313425e-02
8.740000000000009095e+00 2.088195511589265585e-01 1.306811142426257399e-01 7.813843691630084631e-02
8.760000000000008669e+00 1.778885225980620655e-01 1.112905817196018776e-01 6.659794087846038213e-02
8.780000000000008242e+00 1.478707692924380868e-01 9.248631035624842178e-02 5.538445893618961641e-02
8.800000000000007816e+00 1.197266352470033185e-01 7.486598532279750695e-02 4.486064992420588093e-02
8.820000000000007390e+00 9.427098898040794928e-02 5.893628692121453960e-02 3.533470205919340967e-02
8.840000000000008740e+00 7.208286313441134019e-02 4.505659847149590114e-02 2.702626466291543211e-02
8.860000000000008313e+00 5.345847447340257991e-02 3.340980304079101126e-02 2.004867143261162415e-02
8.880000000000007887e+00 3.841173069657467104e-02 2.400271016085468029e-02 1.440902053571995259e-02
8.900000000000009237e+00 2.671570864605616463e-02 1.669202932581353993e-02 1.002367932024264378e-02
8.920000000000008811e+00 1.797093984429787294e-02 1.122704097975456804e-02 6.743898864543328327e-03
8.940000000000008384e+00 1.168336740253375985e-02 7.298268882080998637e-03 4.385098520452754278e-03
8.960000000000007958e+00 7.336521860460381260e-03 4.582514895317697790e-03 2.754006965142688675e-03
8.980000000000007532e+00 4.447372725085466279e-03 2.777684924517145881e-03 1.669687800568322783e-03
9.000000000000008882e+00 2.601379837144297911e-03 1.624622405551871211e-03 9.767574315924271340e-04
9.020000000000008455e+00 1.467615182302161019e-03 9.165012784821686530e-04 5.511139038199914988e-04
9.040000000000008029e+00 7.983107042905490495e-04 4.985028725943258486e-04 2.998078316962232009e-04
9.060000000000009379e+00 4.185477635986992076e-04 2.613472139560076859e-04 1.572005496426916301e-04
9.080000000000008953e+00 2.114509477368549406e-04 1.320266640396405887e-04 7.942428369721432472e-05
9.100000000000008527e+00 1.029101047540936803e-04 6.425264219565741811e-05 3.865746255843628926e-05
9.120000000000008100e+00 4.823858282228508400e-05 3.011688545248351496e-05 1.812169736980157243e-05
9.140000000000007674e+00 2.177379210572695699e-05 1.359357057792946795e-05 8.180221527797489035e-06
9.160000000000009024e+00 9.462385336361713123e-06 5.907249591492342094e-06 3.555135744869372723e-06
9.180000000000008598e+00 3.958459386905308113e-06 2.471139298133403433e-06 1.487320088771905739e-06
9.200000000000008171e+00 1.593858279296038502e-06 9.949656533503423849e-07 5.988926259456964345e-07
9.220000000000009521e+00 6.176126683695588069e-07 3.855341405586968652e-07 2.320785278108623388e-07
9.240000000000009095e+00 2.302905242117530233e-07 1.437513047268272382e-07 8.653921948492579837e-08
9.260000000000008669e+00 8.261985675229654900e-08 5.157152630160581536e-08 3.104833045069073364e-08
9.280000000000008242e+00 2.851678687032199684e-08 1.779986173880946923e-08 1.071692513151254581e-08
9.300000000000007816e+00 9.468637806243411003e-09 5.910097498188884865e-09 3.558540308054533996e-09
9.320000000000009166e+00 3.024206482838432922e-09 1.887601175403871697e-09 1.136605307434563707e-09
9.340000000000008740e+00 9.290553225428855853e-10 5.798725360830553961e-10 3.491827864598306028e-10
9.360000000000008313e+00 2.745046437704885554e-10 1.713299507222406558e-10 1.031746930482480418e-10
9.380000000000009663e+00 7.800275031387436825e-11 4.868403496085179350e-11 2.931871535302256182e-11
9.400000000000009237e+00 2.131564321399310672e-11 1.330358041132918924e-11 8.012062802663933641e-12
9.420000000000008811e+00 5.601358388995725667e-12 3.495886021424837432e-12 2.105472367570893486e-12
9.440000000000008384e+00 1.415384547473966280e-12 8.833493485993367406e-13 5.320351988746295399e-13
9.460000000000007958e+00 3.438927471282066116e-13 2.146226269301154926e-13 1.292701201980911442e-13
9.480000000000009308e+00 8.033813585544273740e-14 5.013822684224574066e-14 3.019990901319699043e-14
9.500000000000008882e+00 1.804490478148447386e-14 1.126151474648244495e-14 6.783390035002027335e-15
